1 0.88984375 0.3828125 0.21640625 0.4390625
1 0.60703125 0.24453125 0.1140625 0.165625
1 0.42109375 0.265625 0.1 0.1140625
1 0.47421875 0.221875 0.05078125 0.059375
1 0.3875 0.21640625 0.04609375 0.0515625
1 0.44140625 0.196875 0.01484375 0.01484375
1 0.51328125 0.20703125 0.0328125 0.028125
1 0.365625 0.209375 0.01796875 0.0328125
1 0.490625 0.2015625 0.01328125 0.0203125
3 0.60625 0.23828125 0.1125 0.16328125
1 0.3609375 0.1953125 0.01015625 0.01640625
1 0.45390625 0.19765625 0.01640625 0.0203125