3 0.7609375 0.65390625 0.059375 0.065625
1 0.3625 0.859375 0.328125 0.28046875
1 0.68359375 0.8671875 0.47421875 0.25546875
1 0.7859375 0.72578125 0.1328125 0.07421875
1 0.67421875 0.7046875 0.10703125 0.1046875
1 0.56328125 0.73125 0.1375 0.109375
1 0.45703125 0.71484375 0.11484375 0.08359375
1 0.1765625 0.815625 0.2375 0.209375
0 0.76015625 0.6578125 0.06171875 0.0734375
3 0.1515625 0.68046875 0.03359375 0.02578125
1 0.33203125 0.71875 0.14140625 0.0640625
1 0.40703125 0.69375 0.04296875 0.04765625
1 0.57890625 0.67421875 0.090625 0.028125
1 0.08046875 0.75390625 0.1609375 0.17734375
1 0.19609375 0.68828125 0.015625 0.01484375
1 0.37109375 0.690625 0.034375 0.0375