1 0.671875 0.271875 0.1 0.0546875
1 0.225 0.284375 0.090625 0.05625
1 0.3203125 0.2828125 0.0828125 0.05390625
1 0.3859375 0.28046875 0.0859375 0.05234375
1 0.45859375 0.278125 0.0890625 0.0578125
1 0.52578125 0.278125 0.08984375 0.053125
1 0.59453125 0.27578125 0.08359375 0.05
1 0.8125 0.2703125 0.08984375 0.0515625
1 0.74296875 0.26796875 0.09765625 0.06171875
1 0.15234375 0.2875 0.08828125 0.05703125
1 0.2109375 0.25390625 0.0390625 0.0140625
1 0.1671875 0.259375 0.0484375 0.028125
1 0.9484375 0.271875 0.08515625 0.0453125
3 0.0640625 0.28515625 0.1015625 0.0671875
3 0.03359375 0.2640625 0.0671875 0.059375
3 0.88515625 0.26875 0.09375 0.059375