1 0.63203125 0.63203125 0.18203125 0.1890625
1 0.0609375 0.69765625 0.121875 0.27734375
2 0.49609375 0.628125 0.05078125 0.125
0 0.04140625 0.48671875 0.0828125 0.2671875
2 0.36796875 0.665625 0.08046875 0.125
2 0.4421875 0.62734375 0.05546875 0.09609375
3 0.10078125 0.559375 0.04609375 0.14453125
1 0.83125 0.59609375 0.08046875 0.0875
1 0.14921875 0.5890625 0.0375 0.0640625
2 0.8203125 0.6609375 0.04296875 0.08203125
2 0.4953125 0.6515625 0.04609375 0.09296875
2 0.75390625 0.60703125 0.03359375 0.06484375
2 0.20625 0.59921875 0.01796875 0.053125