0 0.68671875 0.25703125 0.20703125 0.14375
1 0.415625 0.7671875 0.375 0.3015625
1 0.2046875 0.58984375 0.359375 0.28515625
1 0.15234375 0.403125 0.2609375 0.14140625
1 0.53046875 0.26953125 0.1171875 0.0703125
1 0.80625 0.26171875 0.03671875 0.03984375
1 0.84296875 0.25546875 0.04453125 0.0390625
1 0.97265625 0.2625 0.053125 0.046875
1 0.02578125 0.55859375 0.0515625 0.1296875
1 0.034375 0.33515625 0.06875 0.13828125
1 0.3890625 0.21171875 0.028125 0.0390625
1 0.2359375 0.1765625 0.02421875 0.0375
1 0.89765625 0.24765625 0.05390625 0.0359375
1 0.4890625 0.24921875 0.06875 0.04140625
1 0.6109375 0.22890625 0.775 0.24609375