1 0.0375 0.540625 0.0734375 0.059375
1 0.87265625 0.5390625 0.0375 0.0265625
1 0.928125 0.55625 0.05703125 0.05859375
1 0.8796875 0.53984375 0.04453125 0.0375
1 0.90390625 0.52890625 0.025 0.025
1 0.9109375 0.51484375 0.0265625 0.0234375
1 0.95234375 0.5171875 0.021875 0.02265625
3 0.52578125 0.58359375 0.7859375 0.5203125
1 0.84921875 0.51484375 0.0234375 0.0234375
1 0.97109375 0.54296875 0.05 0.05
3 0.03671875 0.5421875 0.0734375 0.05703125
1 0.8390625 0.52421875 0.021875 0.01953125
3 0.95 0.5046875 0.07890625 0.0375