2 0.64921875 0.81875 0.134375 0.16640625
2 0.75390625 0.75078125 0.12109375 0.12890625
2 0.4140625 0.74453125 0.121875 0.13828125
2 0.11796875 0.8234375 0.1140625 0.1546875
2 0.3046875 0.8859375 0.21171875 0.1609375
2 0.89609375 0.62421875 0.1296875 0.14453125
2 0.45234375 0.6625 0.1140625 0.08671875
2 0.52578125 0.48046875 0.10703125 0.09453125
2 0.7390625 0.484375 0.11015625 0.0890625
2 0.21640625 0.571875 0.12421875 0.1046875
2 0.26953125 0.471875 0.10078125 0.10078125
2 0.84140625 0.42265625 0.075 0.10078125
2 0.58046875 0.34453125 0.55703125 0.2484375