0 0.21328125 0.74296875 0.34921875 0.446875
0 0.653125 0.5640625 0.2671875 0.3265625
0 0.63359375 0.48203125 0.1890625 0.1875
0 0.5125 0.51953125 0.315625 0.29765625
0 0.86640625 0.6734375 0.1703125 0.46640625
0 0.415625 0.5078125 0.19375 0.20703125
0 0.24140625 0.41640625 0.2 0.18203125
0 0.29453125 0.428125 0.16953125 0.16796875
0 0.3390625 0.44375 0.17734375 0.18671875
0 0.42890625 0.0953125 0.02265625 0.0140625
0 0.428125 0.12265625 0.06015625 0.04296875
0 0.4921875 0.1765625 0.04609375 0.02578125
0 0.56328125 0.18046875 0.05546875 0.04296875
0 0.5859375 0.4046875 0.765625 0.809375