1 0.984375 0.9546875 0.028125 0.03125
1 0.6953125 0.984375 0.0328125 0.028125
1 0.9515625 0.97421875 0.03046875 0.0390625
1 0.54375 0.9875 0.05859375 0.02421875
1 0.89453125 0.9734375 0.0765625 0.05
3 0.83828125 0.9734375 0.1359375 0.05
3 0.5984375 0.965625 0.07578125 0.03671875
1 0.72890625 0.98203125 0.0359375 0.034375
1 0.6390625 0.98359375 0.0546875 0.03203125
1 0.51328125 0.99140625 0.0453125 0.0140625
1 0.978125 0.9703125 0.03828125 0.0390625
0 0.79921875 0.51640625 0.21796875 0.3734375
3 0.54375 0.984375 0.06015625 0.0265625
1 0.60390625 0.98515625 0.0359375 0.02421875
3 0.77890625 0.975 0.0703125 0.0453125