1 0.675 0.6296875 0.1640625 0.075
1 0.2921875 0.3734375 0.046875 0.02890625
1 0.4515625 0.39296875 0.065625 0.03125
1 0.17734375 0.34765625 0.0359375 0.0234375
1 0.45 0.34921875 0.04140625 0.01953125
1 0.63828125 0.4171875 0.08828125 0.03125
0 0.25234375 0.5359375 0.28046875 0.19140625
0 0.81015625 0.4078125 0.18515625 0.08671875
1 0.48515625 0.3875 0.05859375 0.0328125
1 0.2171875 0.3625 0.05078125 0.028125
1 0.06953125 0.37109375 0.0453125 0.021875
3 0.153125 0.41171875 0.04921875 0.06015625
1 0.31640625 0.36953125 0.03828125 0.0296875
1 0.37421875 0.38359375 0.0625 0.03125
1 0.9515625 0.44453125 0.0234375 0.0515625
1 0.38203125 0.34375 0.47421875 0.178125