2 0.43125 0.51015625 0.6578125 0.95703125
1 0.13515625 0.4296875 0.10390625 0.078125
1 0.23828125 0.315625 0.0234375 0.01953125
1 0.06875 0.44453125 0.1375 0.0828125
1 0.04765625 0.3984375 0.0953125 0.05625
1 0.140625 0.384375 0.09921875 0.0515625
1 0.21484375 0.32109375 0.02265625 0.02109375
1 0.1859375 0.32890625 0.03984375 0.034375
1 0.30390625 0.303125 0.01640625 0.02578125
1 0.23515625 0.346875 0.0421875 0.0296875
1 0.98984375 0.375 0.0171875 0.05234375
3 0.290625 0.4046875 0.153125 0.0875
3 0.953125 0.32890625 0.090625 0.15234375
1 0.26953125 0.34921875 0.0421875 0.02421875
3 0.9109375 0.3359375 0.10390625 0.10390625
1 0.55859375 0.3453125 0.7859375 0.13125