1 0.21796875 0.85859375 0.05390625 0.03046875
1 0.5453125 0.84375 0.05625 0.0265625
1 0.459375 0.86640625 0.11640625 0.05703125
1 0.42421875 0.84453125 0.0359375 0.01953125
1 0.5234375 0.8609375 0.06015625 0.05078125
1 0.13203125 0.86953125 0.134375 0.08046875
1 0.60703125 0.84609375 0.0375 0.0328125
1 0.54296875 0.8625 0.06171875 0.05078125
1 0.51484375 0.93515625 0.25078125 0.1125
1 0.85234375 0.8203125 0.02890625 0.046875
1 0.57890625 0.84921875 0.0515625 0.03984375
0 0.97578125 0.80390625 0.04375 0.13046875
1 0.47734375 0.82578125 0.0296875 0.01953125