1 0.2546875 0.8203125 0.38984375 0.23203125
1 0.65625 0.72734375 0.13359375 0.1296875
1 0.54921875 0.6734375 0.065625 0.0515625
1 0.3921875 0.6234375 0.02421875 0.02734375
2 0.7140625 0.88828125 0.04453125 0.11796875
2 0.77578125 0.9609375 0.12890625 0.075
2 0.33828125 0.67265625 0.01640625 0.03828125
1 0.3296875 0.6515625 0.0515625 0.0609375
2 0.57421875 0.87265625 0.03515625 0.11171875
2 0.91015625 0.91484375 0.1765625 0.16640625
2 0.30390625 0.6953125 0.03125 0.03828125
2 0.44296875 0.8515625 0.03671875 0.1046875