2 0.61796875 0.72265625 0.203125 0.49453125
2 0.51640625 0.68671875 0.9546875 0.590625
2 0.31328125 0.60703125 0.0765625 0.2828125
2 0.2484375 0.5953125 0.08671875 0.24375
2 0.78984375 0.55859375 0.084375 0.3046875
2 0.51796875 0.55859375 0.12109375 0.34375
2 0.03359375 0.7828125 0.06484375 0.25390625
2 0.109375 0.4953125 0.04609375 0.06953125
2 0.77734375 0.53828125 0.0328125 0.19609375
3 0.9546875 0.18359375 0.08359375 0.10078125
2 0.721875 0.46015625 0.03359375 0.1078125
2 0.9609375 0.4515625 0.075 0.26875
2 0.2703125 0.46953125 0.0453125 0.0953125