1 0.10703125 0.37109375 0.19140625 0.07890625
1 0.384375 0.334375 0.0984375 0.05390625
1 0.1765625 0.31953125 0.05703125 0.02578125
1 0.1328125 0.31875 0.04765625 0.02734375
1 0.42265625 0.30546875 0.04375 0.025
1 0.2859375 0.30625 0.05234375 0.025
1 0.8640625 0.275 0.03984375 0.0234375
1 0.03125 0.32734375 0.059375 0.02890625
1 0.74921875 0.28671875 0.046875 0.0265625
1 0.8484375 0.2828125 0.046875 0.02578125
1 0.9734375 0.275 0.034375 0.0265625
1 0.5421875 0.33359375 0.096875 0.0421875
1 0.2046875 0.31328125 0.0765625 0.03046875
1 0.67734375 0.28203125 0.64140625 0.0515625