1 0.97109375 0.87578125 0.0421875 0.05234375
1 0.44921875 0.56796875 0.02265625 0.02578125
1 0.46640625 0.54921875 0.009375 0.0171875
1 0.478125 0.50390625 0.0203125 0.01796875
1 0.4828125 0.4625 0.0125 0.00859375
1 0.4859375 0.440625 0.01015625 0.0078125
1 0.4875 0.41640625 0.01015625 0.0109375
1 0.765625 0.69375 0.05234375 0.028125
3 0.79375 0.6453125 0.1046875 0.06875
3 0.66953125 0.628125 0.1234375 0.0765625
1 0.965625 0.921875 0.0390625 0.0375
1 0.94140625 0.90078125 0.04375 0.05625
1 0.51484375 0.41796875 0.009375 0.0078125
1 0.4375 0.58515625 0.021875 0.028125
1 0.4828125 0.4734375 0.01171875 0.01875
3 0.540625 0.52890625 0.05 0.0765625
1 0.66015625 0.61484375 0.3921875 0.20390625