1 0.90625 0.75390625 0.184375 0.1265625
1 0.725 0.690625 0.0625 0.06796875
1 0.603125 0.6890625 0.11953125 0.10078125
2 0.66953125 0.76640625 0.1109375 0.11484375
2 0.77421875 0.7609375 0.11015625 0.11796875
2 0.4703125 0.72578125 0.02421875 0.05625
2 0.49609375 0.7140625 0.03125 0.06484375
2 0.54453125 0.75234375 0.04375 0.084375
3 0.60546875 0.6890625 0.1234375 0.10390625
2 0.5828125 0.74609375 0.04140625 0.09375
2 0.665625 0.72578125 0.03203125 0.03671875
2 0.7828125 0.71484375 0.0296875 0.04453125
2 0.4078125 0.71796875 0.0265625 0.0546875