1 0.36640625 0.63515625 0.1125 0.1109375
1 0.43203125 0.63828125 0.0453125 0.08984375
1 0.44453125 0.63125 0.06953125 0.08984375
1 0.4875 0.63125 0.04296875 0.0828125
1 0.5390625 0.625 0.0453125 0.06640625
1 0.51171875 0.628125 0.04140625 0.06875
1 0.6125 0.6234375 0.02109375 0.04453125
1 0.66953125 0.63515625 0.09765625 0.0828125
1 0.5640625 0.6234375 0.0265625 0.05546875
1 0.5875 0.61953125 0.03984375 0.05625
1 0.74921875 0.615625 0.015625 0.02421875
1 0.6796875 0.6078125 0.07109375 0.040625
1 0.7375 0.62890625 0.021875 0.05390625