1 0.6484375 0.52421875 0.05703125 0.0140625
1 0.79765625 0.5046875 0.0453125 0.01328125
1 0.68359375 0.5125 0.028125 0.00859375
1 0.72421875 0.5234375 0.05625 0.01328125
1 0.74375 0.51953125 0.04765625 0.0109375
1 0.7109375 0.51015625 0.025 0.0125
1 0.85625 0.521875 0.0515625 0.01328125
1 0.5515625 0.5125 0.040625 0.01015625
1 0.5828125 0.52265625 0.05078125 0.01015625
1 0.5234375 0.515625 0.02734375 0.01015625
1 0.55390625 0.5265625 0.0515625 0.00859375
1 0.79609375 0.52421875 0.053125 0.015625
1 0.68125 0.5078125 0.03515625 0.0078125
1 0.58671875 0.51875 0.821875 0.046875