3 0.51640625 0.48671875 0.12109375 0.10234375
1 0.103125 0.51171875 0.203125 0.171875
1 0.69375 0.5453125 0.2140625 0.153125
1 0.453125 0.4890625 0.03125 0.05234375
3 0.6140625 0.48359375 0.09765625 0.096875
1 0.7984375 0.5296875 0.11171875 0.11171875
1 0.41796875 0.48515625 0.0484375 0.05625
1 0.3546875 0.4921875 0.02421875 0.0546875
1 0.33515625 0.478125 0.03203125 0.04296875
1 0.97421875 0.5140625 0.0484375 0.06328125
1 0.66328125 0.46328125 0.028125 0.0078125
1 0.31796875 0.4765625 0.009375 0.02421875
1 0.30703125 0.46953125 0.0171875 0.02578125
1 0.58359375 0.51015625 0.8265625 0.1828125