0 0.9140625 0.94296875 0.146875 0.109375
1 0.52421875 0.7875 0.0296875 0.0375
1 0.32734375 0.84921875 0.03828125 0.04609375
1 0.346875 0.81796875 0.028125 0.0296875
1 0.6484375 0.92734375 0.05078125 0.06015625
1 0.4265625 0.7 0.02265625 0.0265625
1 0.4078125 0.66328125 0.01640625 0.01640625
1 0.57421875 0.859375 0.03984375 0.04921875
1 0.35546875 0.7921875 0.03125 0.03046875
1 0.3671875 0.771875 0.028125 0.0296875
1 0.59765625 0.82890625 0.034375 0.04140625
1 0.3125 0.8890625 0.0453125 0.0484375
1 0.565625 0.9296875 0.0515625 0.05625
1 0.64921875 0.79921875 0.03046875 0.0375
2 0.28828125 0.95859375 0.02734375 0.04453125
1 0.3671875 0.8 0.384375 0.39609375