1 0.209375 0.7375 0.115625 0.1359375
1 0.0796875 0.5546875 0.1578125 0.79453125
1 0.96328125 0.7734375 0.0703125 0.05625
1 0.5265625 0.765625 0.0296875 0.0203125
1 0.48046875 0.75390625 0.04609375 0.0375
1 0.43046875 0.75625 0.01953125 0.01953125
1 0.38203125 0.74921875 0.06171875 0.04453125
1 0.32421875 0.75390625 0.03984375 0.02421875
1 0.25390625 0.73203125 0.04296875 0.10703125
1 0.884375 0.7578125 0.05390625 0.05703125
3 0.83984375 0.76171875 0.11015625 0.08203125
3 0.7546875 0.75625 0.12265625 0.0765625
3 0.56796875 0.759375 0.0265625 0.03359375
3 0.334375 0.7484375 0.02421875 0.03359375
1 0.6015625 0.75859375 0.06953125 0.05
1 0.428125 0.7515625 0.309375 0.053125