1 0.353125 0.45078125 0.11484375 0.090625
1 0.5375 0.42890625 0.0375 0.04609375
1 0.88515625 0.43515625 0.0546875 0.05
1 0.24609375 0.4515625 0.125 0.09375
1 0.58359375 0.44765625 0.0875 0.096875
1 0.7046875 0.453125 0.1 0.096875
1 0.09453125 0.51875 0.1890625 0.2046875
1 0.825 0.4578125 0.11640625 0.09921875
1 0.95703125 0.52421875 0.0828125 0.1953125
1 0.1515625 0.4296875 0.11875 0.08984375
1 0.4640625 0.44296875 0.11171875 0.1125
1 0.9578125 0.42890625 0.08125 0.0875
1 0.06640625 0.40234375 0.07734375 0.02890625
1 0.471875 0.42109375 0.94375 0.07109375