1 0.7828125 0.5515625 0.025 0.0796875
1 0.7328125 0.51640625 0.034375 0.0265625
1 0.41328125 0.48671875 0.025 0.015625
2 0.11171875 0.67890625 0.1578125 0.4609375
2 0.64296875 0.5625 0.071875 0.1359375
2 0.4484375 0.5453125 0.06328125 0.09921875
2 0.48671875 0.5296875 0.02734375 0.0578125
2 0.1421875 0.51015625 0.04375 0.03515625
2 0.1625 0.50234375 0.0203125 0.04765625
2 0.559375 0.521875 0.04609375 0.065625
2 0.89453125 0.634375 0.2078125 0.43046875
2 0.36640625 0.571875 0.07421875 0.18359375
2 0.68359375 0.52421875 0.01328125 0.03359375
2 0.246875 0.521875 0.05859375 0.03359375
2 0.75546875 0.528125 0.01875 0.0265625
2 0.4984375 0.51953125 0.02109375 0.059375
2 0.57265625 0.62734375 0.5421875 0.2609375