1 0.4609375 0.5109375 0.14375 0.17421875
2 0.271875 0.8234375 0.1140625 0.3203125
2 0.34453125 0.58984375 0.0875 0.1296875
1 0.52890625 0.43203125 0.06171875 0.065625
1 0.421875 0.434375 0.07890625 0.08359375
3 0.809375 0.51796875 0.2171875 0.28515625
3 0.15390625 0.40078125 0.15546875 0.196875
3 0.4890625 0.40390625 0.0640625 0.05859375
1 0.66328125 0.47890625 0.14921875 0.13125
1 0.59296875 0.41953125 0.0515625 0.04453125
1 0.3734375 0.4140625 0.03984375 0.0453125
1 0.703125 0.41875 0.07265625 0.03828125
1 0.625 0.4328125 0.08046875 0.059375
0 0.371875 0.38671875 0.0484375 0.06328125
1 0.4296875 0.3890625 0.021875 0.00859375
2 0.2875 0.48046875 0.046875 0.03046875