0 0.88203125 0.509375 0.2296875 0.16875
1 0.84453125 0.59765625 0.0578125 0.06015625
1 0.69765625 0.609375 0.1515625 0.07578125
1 0.603125 0.59609375 0.09609375 0.06796875
3 0.90546875 0.5921875 0.12890625 0.08046875
1 0.45859375 0.6015625 0.08515625 0.071875
1 0.3859375 0.60078125 0.08515625 0.0765625
1 0.98828125 0.6 0.02265625 0.03984375
1 0.31640625 0.60546875 0.10703125 0.08203125
1 0.53203125 0.6 0.0890625 0.07421875
1 0.6515625 0.58125 0.059375 0.03125
1 0.703125 0.56875 0.0546875 0.02109375
3 0.78671875 0.59765625 0.0953125 0.0765625
1 0.74296875 0.57265625 0.0359375 0.03984375