2 0.2421875 0.8421875 0.18125 0.08359375
1 0.403125 0.75859375 0.178125 0.0546875
1 0.64765625 0.75234375 0.12109375 0.03671875
1 0.55703125 0.7484375 0.09140625 0.02734375
1 0.2078125 0.746875 0.146875 0.0359375
1 0.1 0.74140625 0.140625 0.03359375
1 0.040625 0.75390625 0.07578125 0.03984375
1 0.5125 0.7421875 0.09296875 0.03046875
1 0.68046875 0.7359375 0.06171875 0.02109375
1 0.7015625 0.715625 0.084375 0.0265625
1 0.87734375 0.74140625 0.05703125 0.0234375
1 0.72890625 0.7421875 0.03671875 0.02109375
3 0.7765625 0.734375 0.07890625 0.04140625
1 0.90390625 0.7390625 0.034375 0.01953125