1 0.96328125 0.47109375 0.02734375 0.03125
1 0.484375 0.440625 0.01640625 0.021875
1 0.6765625 0.45703125 0.040625 0.0234375
1 0.4125 0.43984375 0.034375 0.0234375
1 0.3359375 0.43125 0.0171875 0.01953125
3 0.57265625 0.446875 0.0328125 0.03046875
1 0.93671875 0.4671875 0.034375 0.0328125
1 0.49921875 0.44375 0.034375 0.0203125
1 0.2296875 0.42421875 0.025 0.01953125
1 0.1359375 0.42109375 0.01640625 0.03046875
1 0.2 0.42109375 0.0234375 0.02265625
1 0.36015625 0.43203125 0.009375 0.01796875
3 0.93984375 0.46796875 0.03984375 0.0359375
1 0.12109375 0.41640625 0.025 0.021875