1 0.6984375 0.3046875 0.24140625 0.15390625
1 0.7234375 0.13046875 0.071875 0.05
1 0.6109375 0.13125 0.10859375 0.05546875
1 0.5078125 0.15078125 0.08203125 0.06171875
1 0.43984375 0.1671875 0.096875 0.0671875
1 0.32265625 0.1703125 0.09609375 0.06484375
1 0.24453125 0.18046875 0.115625 0.0703125
1 0.115625 0.18125 0.12890625 0.08203125
1 0.2078125 0.1609375 0.0984375 0.08515625
1 0.4515625 0.096875 0.025 0.0234375
1 0.9046875 0.15390625 0.05234375 0.0609375
1 0.7625 0.1296875 0.03203125 0.0421875
1 0.0296875 0.19453125 0.05546875 0.08125
1 0.58359375 0.0859375 0.60546875 0.171875