1 0.959375 0.77734375 0.078125 0.11796875
1 0.9296875 0.703125 0.03984375 0.05078125
1 0.13515625 0.84921875 0.13046875 0.16640625
0 0.89765625 0.67421875 0.021875 0.0359375
1 0.8234375 0.69296875 0.03671875 0.046875
1 0.80859375 0.68359375 0.021875 0.03671875
1 0.87109375 0.684375 0.01953125 0.01953125
1 0.965625 0.6734375 0.03125 0.03125
1 0.05703125 0.8609375 0.11328125 0.24921875
1 0.796875 0.6828125 0.009375 0.02578125
0 0.53984375 0.71015625 0.23203125 0.3484375
0 0.70078125 0.68984375 0.1109375 0.234375
1 0.3921875 0.75234375 0.071875 0.06171875
1 0.93046875 0.734375 0.028125 0.075