2 0.153125 0.73046875 0.08828125 0.1140625
2 0.25625 0.74140625 0.04609375 0.0640625
2 0.26015625 0.72265625 0.1109375 0.090625
2 0.3140625 0.71796875 0.0546875 0.0984375
2 0.34140625 0.71953125 0.05078125 0.09609375
2 0.021875 0.7453125 0.04375 0.10234375
2 0.37265625 0.71640625 0.05 0.08125
2 0.4015625 0.73203125 0.0359375 0.053125
2 0.675 0.84765625 0.2109375 0.14765625
2 0.415625 0.709375 0.07890625 0.0859375
2 0.0703125 0.75 0.0625 0.09140625
2 0.70234375 0.80703125 0.178125 0.16875
2 0.22890625 0.746875 0.05703125 0.0703125
2 0.63984375 0.75 0.2796875 0.128125