1 0.38984375 0.63515625 0.0390625 0.0515625
1 0.2328125 0.65859375 0.034375 0.0484375
1 0.1796875 0.6515625 0.021875 0.0359375
1 0.8578125 0.67109375 0.0421875 0.05703125
1 0.74453125 0.65234375 0.0515625 0.0515625
1 0.13359375 0.65078125 0.034375 0.04609375
1 0.29609375 0.659375 0.0234375 0.04609375
1 0.34375 0.65625 0.040625 0.06328125
3 0.56484375 0.65859375 0.071875 0.078125
3 0.1796875 0.61875 0.02265625 0.046875
1 0.39453125 0.665625 0.03515625 0.04375
1 0.45234375 0.66484375 0.040625 0.0484375
1 0.340625 0.625 0.04921875 0.03828125
1 0.23515625 0.62734375 0.03984375 0.04375
0 0.80546875 0.859375 0.3375 0.17265625
0 0.23671875 0.80234375 0.4734375 0.1765625
1 0.07265625 0.64453125 0.01015625 0.028125
1 0.44375 0.671875 0.884375 0.2234375