1 0.6359375 0.68046875 0.45625 0.40546875
1 0.453125 0.51953125 0.2625 0.21171875
1 0.17421875 0.50703125 0.33203125 0.16875
1 0.8921875 0.45703125 0.02109375 0.0203125
1 0.86953125 0.45078125 0.0203125 0.02265625
1 0.93828125 0.46796875 0.034375 0.04765625
1 0.78125 0.47421875 0.07890625 0.06796875
1 0.66796875 0.4515625 0.03515625 0.03125
1 0.715625 0.45625 0.06953125 0.0625
1 0.921875 0.4609375 0.0203125 0.02734375
3 0.59375 0.45078125 0.05234375 0.03515625
1 0.83046875 0.46640625 0.046875 0.04296875