1 0.71796875 0.41171875 0.1578125 0.1421875
1 0.5734375 0.359375 0.025 0.05390625
1 0.1015625 0.54140625 0.203125 0.4046875
1 0.24375 0.41171875 0.18125 0.146875
1 0.32421875 0.3765625 0.0828125 0.10703125
1 0.45 0.3546875 0.05078125 0.05390625
1 0.4890625 0.34140625 0.02421875 0.028125
1 0.86328125 0.49375 0.24765625 0.30078125
1 0.63984375 0.38515625 0.0828125 0.096875
1 0.6140625 0.3609375 0.08359375 0.0859375
1 0.56484375 0.3515625 0.03515625 0.0515625
1 0.54609375 0.34765625 0.028125 0.04140625
1 0.42734375 0.33046875 0.02734375 0.01875
1 0.51796875 0.334375 0.0765625 0.04765625