1 0.85234375 0.26875 0.059375 0.0375
1 0.7546875 0.23671875 0.028125 0.0265625
1 0.71484375 0.2359375 0.03046875 0.0296875
1 0.1515625 0.20390625 0.0296875 0.03125
1 0.83203125 0.2453125 0.01953125 0.01875
1 0.58828125 0.221875 0.0234375 0.0171875
1 0.8828125 0.2671875 0.046875 0.04140625
1 0.69140625 0.23515625 0.02890625 0.028125
1 0.953125 0.27734375 0.0734375 0.0453125
1 0.5625 0.22734375 0.02421875 0.02109375
1 0.6109375 0.23125 0.03046875 0.02421875
1 0.78671875 0.2421875 0.0265625 0.02734375
1 0.8015625 0.22734375 0.01953125 0.0125
1 0.6421875 0.234375 0.703125 0.0796875