1 0.7578125 0.1953125 0.04609375 0.05703125
2 0.709375 0.2609375 0.21328125 0.06796875
3 0.959375 0.13125 0.07734375 0.115625
1 0.86328125 0.19453125 0.15625 0.1359375
2 0.61953125 0.384375 0.44453125 0.16875
2 0.80625 0.37890625 0.14921875 0.109375
2 0.771875 0.31796875 0.1546875 0.07890625
2 0.84140625 0.3234375 0.04296875 0.06015625
2 0.721875 0.24375 0.1359375 0.01953125
2 0.76328125 0.240625 0.19375 0.0828125
2 0.54765625 0.46640625 0.640625 0.296875
2 0.4796875 0.75078125 0.959375 0.459375
2 0.7296875 0.28203125 0.21953125 0.05078125
2 0.54453125 0.353125 0.13515625 0.040625
2 0.66171875 0.24296875 0.08046875 0.03984375
2 0.57890625 0.459375 0.69140625 0.63125