1 0.66953125 0.73046875 0.17578125 0.2109375
1 0.57890625 0.65703125 0.090625 0.14453125
1 0.57890625 0.690625 0.0671875 0.1359375
1 0.55703125 0.63359375 0.08984375 0.14296875
1 0.91328125 0.7296875 0.16796875 0.2046875
1 0.39453125 0.70703125 0.1734375 0.18203125
1 0.534375 0.66875 0.67265625 0.18359375
1 0.71875 0.61796875 0.05234375 0.0375
1 0.68046875 0.609375 0.04765625 0.0375
1 0.07265625 0.67578125 0.1453125 0.134375
1 0.1546875 0.6359375 0.11640625 0.13671875
1 0.43359375 0.64296875 0.1046875 0.0953125