0 0.3703125 0.5078125 0.2828125 0.41875
1 0.88828125 0.615625 0.12421875 0.1796875
1 0.95859375 0.62265625 0.08125 0.215625
1 0.6796875 0.56640625 0.1390625 0.12265625
1 0.08984375 0.8453125 0.1734375 0.3046875
1 0.05859375 0.67578125 0.11015625 0.2734375
1 0.0421875 0.54921875 0.084375 0.1015625
1 0.55859375 0.58046875 0.0640625 0.09453125
1 0.98359375 0.6546875 0.0296875 0.165625
1 0.10625 0.46171875 0.03046875 0.03359375
1 0.046875 0.5265625 0.0921875 0.0890625
1 0.63515625 0.5546875 0.11484375 0.146875
1 0.04921875 0.50625 0.09765625 0.09609375
1 0.5265625 0.578125 0.05234375 0.09296875
1 0.1234375 0.3890625 0.14375 0.3046875