1 0.4796875 0.43671875 0.22890625 0.12890625
1 0.96484375 0.38515625 0.05078125 0.0515625
1 0.95390625 0.37265625 0.0453125 0.0484375
2 0.3734375 0.5484375 0.284375 0.278125
2 0.084375 0.740625 0.16796875 0.3546875
2 0.63671875 0.45703125 0.14609375 0.14296875
2 0.15625 0.42890625 0.12265625 0.07578125
2 0.1015625 0.42890625 0.03984375 0.05
2 0.546875 0.38125 0.0265625 0.02890625
2 0.728125 0.37421875 0.015625 0.0328125
2 0.90859375 0.37578125 0.00625 0.01640625
1 0.90546875 0.36171875 0.01796875 0.01796875
1 0.8328125 0.36484375 0.02578125 0.02421875
3 0.83359375 0.36328125 0.02890625 0.0265625
3 0.378125 0.346875 0.128125 0.090625
3 0.28125 0.3296875 0.178125 0.13671875
2 0.93203125 0.365625 0.0078125 0.0171875
2 0.07109375 0.3984375 0.059375 0.06328125
1 0.93125 0.359375 0.01875 0.01875