1 0.06796875 0.703125 0.11875 0.109375
1 0.91953125 0.59609375 0.02890625 0.05
1 0.95234375 0.590625 0.01796875 0.04765625
2 0.64765625 0.71796875 0.09453125 0.190625
2 0.57578125 0.72734375 0.0421875 0.14609375
0 0.809375 0.58828125 0.18203125 0.16796875
2 0.43671875 0.725 0.0828125 0.10703125
2 0.253125 0.72578125 0.0359375 0.08203125
2 0.234375 0.71875 0.04609375 0.07734375
2 0.5140625 0.72421875 0.0625 0.1484375
2 0.39296875 0.71875 0.03203125 0.1
2 0.3328125 0.72109375 0.07734375 0.11640625
2 0.38359375 0.6859375 0.0328125 0.13203125
3 0.94140625 0.54921875 0.0359375 0.0453125
0 0.43828125 0.5953125 0.18515625 0.07109375
2 0.2953125 0.7203125 0.0328125 0.09765625
2 0.184375 0.7265625 0.04296875 0.09765625
1 0.90546875 0.60234375 0.021875 0.059375
1 0.9890625 0.58125 0.01484375 0.040625
2 0.48828125 0.7234375 0.02734375 0.10859375
3 0.0671875 0.69921875 0.10078125 0.1171875