1 0.77578125 0.94140625 0.07265625 0.0578125
1 0.85625 0.92734375 0.0359375 0.0359375
1 0.4578125 0.9125 0.00703125 0.01015625
1 0.496875 0.9109375 0.01875 0.01796875
3 0.94296875 0.903125 0.05546875 0.08671875
1 0.46953125 0.91015625 0.015625 0.0125
3 0.90078125 0.9046875 0.034375 0.06484375
3 0.37578125 0.90703125 0.0390625 0.02421875
3 0.3125 0.90078125 0.02734375 0.0109375
1 0.10078125 0.93046875 0.2015625 0.1265625
1 0.4421875 0.90859375 0.02421875 0.02109375
1 0.9765625 0.925 0.01171875 0.0109375