1 0.06953125 0.4515625 0.06171875 0.025
1 0.128125 0.4515625 0.04453125 0.02109375
1 0.1796875 0.44921875 0.04296875 0.0234375
1 0.1609375 0.52109375 0.06328125 0.0640625
1 0.41328125 0.47578125 0.04609375 0.0515625
1 0.24296875 0.4484375 0.04296875 0.01953125
1 0.4375 0.44453125 0.0390625 0.021875
2 0.77890625 0.67734375 0.16484375 0.32109375
2 0.56953125 0.57421875 0.08828125 0.16953125
2 0.66015625 0.61015625 0.09609375 0.16875
2 0.628125 0.4546875 0.0203125 0.034375
2 0.3859375 0.58671875 0.065625 0.13203125
2 0.3234375 0.55078125 0.05078125 0.14296875
2 0.2828125 0.56796875 0.04140625 0.09453125
2 0.24765625 0.5671875 0.0375 0.0890625
2 0.1359375 0.615625 0.10625 0.1859375
2 0.45859375 0.59453125 0.09921875 0.19765625
2 0.50078125 0.56953125 0.06015625 0.1234375
2 0.35703125 0.56953125 0.03046875 0.14140625
1 0.7171875 0.5015625 0.07578125 0.046875
1 0.328125 0.4484375 0.06640625 0.01875
1 0.67265625 0.440625 0.0375 0.02578125