3 0.1296875 0.89453125 0.259375 0.2078125
1 0.0484375 0.57578125 0.0953125 0.084375
1 0.05234375 0.546875 0.1046875 0.06796875
1 0.046875 0.52578125 0.09375 0.046875
1 0.92734375 0.47734375 0.06171875 0.03671875
1 0.86953125 0.46796875 0.04609375 0.03046875
1 0.9625 0.47890625 0.05703125 0.04453125
1 0.8171875 0.4578125 0.05625 0.03125
1 0.0484375 0.51484375 0.09375 0.0453125
1 0.02890625 0.48828125 0.05625 0.0328125
1 0.88046875 0.46796875 0.2359375 0.07265625
1 0.88828125 0.4703125 0.05390625 0.03515625
1 0.7609375 0.4515625 0.01796875 0.01171875
1 0.96875 0.4484375 0.0609375 0.028125
1 0.00625 0.340625 0.009375 0.02265625