1 0.246875 0.7875 0.33125 0.14609375
1 0.828125 0.73984375 0.06953125 0.059375
1 0.96640625 0.765625 0.03828125 0.04921875
1 0.7828125 0.73828125 0.059375 0.04765625
1 0.7296875 0.734375 0.05078125 0.03828125
1 0.575 0.72265625 0.0125 0.0234375
1 0.5515625 0.721875 0.01875 0.01484375
1 0.9125 0.7515625 0.08125 0.06875
1 0.66875 0.73046875 0.053125 0.0375
1 0.6359375 0.7265625 0.034375 0.034375
1 0.14765625 0.71953125 0.01796875 0.015625
1 0.03125 0.7203125 0.03125 0.0203125
1 0.08359375 0.71875 0.03125 0.0234375