1 0.5640625 0.390625 0.05625 0.01484375
1 0.79609375 0.3953125 0.0359375 0.0421875
1 0.878125 0.3703125 0.084375 0.0296875
1 0.59296875 0.35 0.0171875 0.01484375
1 0.92421875 0.36484375 0.03359375 0.0390625
1 0.7234375 0.36875 0.04765625 0.03515625
1 0.3890625 0.3578125 0.084375 0.02421875
1 0.684375 0.38125 0.04609375 0.03984375
1 0.61640625 0.38515625 0.1078125 0.053125
1 0.7296875 0.33046875 0.034375 0.015625
1 0.65859375 0.34765625 0.04609375 0.0265625
1 0.93203125 0.3375 0.0328125 0.01484375
1 0.5453125 0.35703125 0.06875 0.034375
3 0.9671875 0.41875 0.06484375 0.15859375
1 0.4828125 0.3609375 0.890625 0.1171875