1 0.71171875 0.52578125 0.0640625 0.071875
1 0.66640625 0.4375 0.04375 0.04921875
1 0.396875 0.38515625 0.04921875 0.04921875
1 0.33125 0.39140625 0.0375 0.05
1 0.6703125 0.35390625 0.02734375 0.0390625
1 0.459375 0.33125 0.01875 0.02421875
3 0.62890625 0.33984375 0.05546875 0.12109375
3 0.97109375 0.6953125 0.05703125 0.36953125
3 0.4375 0.30859375 0.0265625 0.05546875
3 0.384375 0.34296875 0.05078125 0.06875
3 0.46328125 0.3 0.02109375 0.03984375
3 0.4921875 0.2921875 0.0140625 0.02734375
3 0.73671875 0.41015625 0.053125 0.06796875
1 0.26796875 0.53515625 0.06640625 0.07734375
1 0.43828125 0.34609375 0.0234375 0.0359375
1 0.48828125 0.3125 0.01171875 0.0171875