2 0.496875 0.565625 0.14296875 0.4234375
2 0.4015625 0.46015625 0.1296875 0.23671875
1 0.6734375 0.44921875 0.225 0.16171875
1 0.96484375 0.4828125 0.0671875 0.121875
1 0.09140625 0.353125 0.08671875 0.08046875
1 0.16796875 0.359375 0.075 0.11015625
1 0.35625 0.38515625 0.07109375 0.08515625
1 0.3296875 0.3703125 0.0296875 0.065625
3 0.04453125 0.315625 0.065625 0.08828125
3 0.128125 0.31015625 0.0890625 0.06484375
3 0.0546875 0.328125 0.0546875 0.0640625
3 0.375 0.32890625 0.06328125 0.03203125
3 0.53828125 0.328125 0.06484375 0.040625
1 0.375 0.32734375 0.06796875 0.03515625
1 0.42734375 0.38203125 0.1140625 0.10546875
1 0.053125 0.3265625 0.04921875 0.06796875
1 0.2328125 0.36328125 0.01640625 0.0625
1 0.4796875 0.3328125 0.02109375 0.03515625
1 0.2921875 0.384375 0.01953125 0.06015625
0 0.0453125 0.3140625 0.06484375 0.0875