1 0.36171875 0.3421875 0.09453125 0.053125
1 0.39765625 0.33359375 0.04453125 0.0375
1 0.63984375 0.29375 0.06328125 0.021875
1 0.4515625 0.296875 0.0390625 0.02109375
1 0.39140625 0.31171875 0.06015625 0.02578125
1 0.940625 0.32109375 0.09609375 0.03515625
1 0.43359375 0.303125 0.04609375 0.025
1 0.6109375 0.26640625 0.02734375 0.01171875
1 0.60390625 0.25859375 0.01640625 0.0109375
1 0.59765625 0.2515625 0.01171875 0.0078125
1 0.33828125 0.3125 0.0375 0.015625
1 0.490625 0.26640625 0.01484375 0.01015625
1 0.5046875 0.25390625 0.021875 0.01171875