1 0.7296875 0.59296875 0.0875 0.05390625
2 0.30078125 0.8640625 0.1921875 0.265625
2 0.1484375 0.78828125 0.09765625 0.22265625
1 0.6390625 0.61171875 0.0796875 0.0515625
1 0.8078125 0.6 0.1171875 0.06484375
1 0.496875 0.56171875 0.05234375 0.015625
2 0.396875 0.6890625 0.08671875 0.12421875
2 0.7203125 0.7265625 0.08125 0.14765625
2 0.22578125 0.6921875 0.07265625 0.08984375
2 0.02578125 0.6046875 0.046875 0.0890625
1 0.49296875 0.57578125 0.05703125 0.01328125
1 0.36796875 0.5625 0.034375 0.02890625
2 0.54921875 0.78984375 0.1125 0.1828125
1 0.44765625 0.5578125 0.04921875 0.0265625