2 0.05078125 0.61015625 0.10078125 0.10234375
3 0.24921875 0.6140625 0.36640625 0.3109375
1 0.72734375 0.540625 0.09453125 0.11171875
1 0.88515625 0.3125 0.02578125 0.028125
2 0.70234375 0.38984375 0.01640625 0.04140625
2 0.7734375 0.3421875 0.0125 0.02109375
1 0.8046875 0.2984375 0.0375 0.0375
1 0.76875 0.31015625 0.025 0.04140625
1 0.84296875 0.27734375 0.01328125 0.0125
1 0.88984375 0.2953125 0.021875 0.0109375
1 0.9015625 0.28984375 0.01796875 0.01953125
2 0.44453125 0.76953125 0.0390625 0.13671875
3 0.5953125 0.34453125 0.03671875 0.05625
1 0.56796875 0.38125 0.046875 0.06015625
3 0.65625 0.40859375 0.0859375 0.08359375