3 0.26953125 0.66640625 0.03515625 0.04609375
3 0.303125 0.6671875 0.0578125 0.05703125
3 0.384375 0.62109375 0.040625 0.04453125
3 0.440625 0.58671875 0.03125 0.040625
3 0.44296875 0.61640625 0.0234375 0.03046875
1 0.11484375 0.96484375 0.04140625 0.034375
1 0.084375 0.95078125 0.04140625 0.03125
0 0.65625 0.60859375 0.02734375 0.0328125
3 0.4765625 0.76171875 0.03671875 0.0421875
1 0.2265625 0.88828125 0.03203125 0.028125
1 0.17890625 0.9390625 0.03359375 0.03046875
1 0.1875 0.88046875 0.034375 0.03359375
1 0.2265625 0.93203125 0.04140625 0.03125
1 0.2375 0.85 0.0296875 0.02578125
1 0.26640625 0.86484375 0.03203125 0.02578125
3 0.56796875 0.6765625 0.03515625 0.0671875
3 0.62421875 0.63125 0.02265625 0.0234375
3 0.5390625 0.4984375 0.01640625 0.0234375
3 0.5 0.71328125 0.0421875 0.05
3 0.2578125 0.6484375 0.03984375 0.04609375
1 0.13359375 0.91796875 0.04453125 0.0390625
1 0.428125 0.64375 0.015625 0.01484375
1 0.67421875 0.684375 0.01640625 0.01796875
1 0.67109375 0.7203125 0.02265625 0.02890625
1 0.4078125 0.71015625 0.02265625 0.0171875
3 0.51015625 0.56171875 0.01875 0.028125
0 0.06875 0.79765625 0.08828125 0.07890625
3 0.70859375 0.56015625 0.015625 0.02421875
3 0.3953125 0.64609375 0.74375 0.375
1 0.44609375 0.63671875 0.8421875 0.40234375