2 0.325 0.44609375 0.4453125 0.48359375
2 0.55390625 0.44375 0.15078125 0.36875
2 0.6 0.36484375 0.0765625 0.25234375
2 0.628125 0.3484375 0.07578125 0.2265625
2 0.65234375 0.35390625 0.0828125 0.16875
2 0.3015625 0.45625 0.60234375 0.9125
2 0.8640625 0.3703125 0.0375 0.04609375
2 0.72578125 0.34765625 0.05859375 0.0671875
2 0.55 0.5421875 0.065625 0.20859375
2 0.6828125 0.359375 0.04375 0.13828125
2 0.80234375 0.35234375 0.02578125 0.03671875
2 0.81953125 0.36328125 0.025 0.0546875
2 0.7828125 0.34765625 0.0359375 0.046875