1 0.56953125 0.49296875 0.196875 0.1078125
1 0.80390625 0.496875 0.17578125 0.05390625
1 0.75859375 0.46796875 0.03125 0.028125
1 0.6921875 0.50234375 0.0171875 0.0640625
1 0.03046875 0.47421875 0.053125 0.0578125
1 0.29453125 0.4828125 0.09453125 0.0625
1 0.33125 0.46484375 0.05703125 0.0265625
1 0.46328125 0.49765625 0.11875 0.08671875
1 0.06484375 0.478125 0.06796875 0.05703125
1 0.39921875 0.4796875 0.0390625 0.0546875
1 0.78046875 0.46484375 0.03046875 0.01953125
1 0.0984375 0.4796875 0.04140625 0.05
1 0.128125 0.47265625 0.0109375 0.02578125
1 0.521875 0.46796875 0.615625 0.05625