1 0.69375 0.87109375 0.1953125 0.2359375
1 0.29140625 0.80859375 0.2484375 0.26484375
1 0.85703125 0.775 0.07421875 0.13359375
1 0.8125 0.73515625 0.0390625 0.05703125
1 0.9203125 0.74765625 0.0296875 0.0484375
1 0.39609375 0.6984375 0.046875 0.0296875
1 0.59921875 0.721875 0.0453125 0.03515625
1 0.07734375 0.72265625 0.109375 0.0875
1 0.64140625 0.71796875 0.03671875 0.034375
1 0.896875 0.76484375 0.0296875 0.07421875
1 0.88515625 0.72109375 0.02109375 0.0140625
1 0.4453125 0.71484375 0.0375 0.0625
1 0.3609375 0.70390625 0.02109375 0.01875