0 0.56875 0.57421875 0.3234375 0.2484375
1 0.35625 0.80703125 0.3015625 0.20234375
1 0.64375 0.69921875 0.19140625 0.1515625
1 0.07578125 0.92734375 0.1515625 0.1421875
1 0.03046875 0.72109375 0.0609375 0.1203125
1 0.915625 0.56875 0.13203125 0.125
1 0.80078125 0.61796875 0.15625 0.14296875
1 0.84609375 0.53203125 0.05078125 0.0640625
1 0.9484375 0.4140625 0.05234375 0.04296875
1 0.271875 0.69609375 0.26328125 0.153125
1 0.971875 0.52890625 0.025 0.07109375
1 0.85234375 0.4859375 0.06171875 0.0390625
1 0.8984375 0.396875 0.034375 0.0421875