1 0.3203125 0.41484375 0.08671875 0.0484375
1 0.1671875 0.41796875 0.1015625 0.046875
1 0.90859375 0.4421875 0.08046875 0.0890625
1 0.74296875 0.415625 0.040625 0.0515625
1 0.59140625 0.4125 0.015625 0.015625
1 0.8640625 0.4390625 0.0546875 0.065625
1 0.83125 0.4234375 0.06875 0.07109375
3 0.4625 0.40859375 0.06484375 0.0421875
1 0.54921875 0.4140625 0.01484375 0.0203125
1 0.38828125 0.415625 0.0359375 0.01953125
1 0.559375 0.409375 0.01875 0.02421875
3 0.321875 0.415625 0.0859375 0.05390625
3 0.96484375 0.428125 0.0671875 0.13984375
3 0.65625 0.40390625 0.0265625 0.034375
3 0.52265625 0.41015625 0.040625 0.0359375
1 0.7671875 0.425 0.01953125 0.040625
3 0.79140625 0.42109375 0.04140625 0.06171875
1 0.65625 0.41171875 0.315625 0.08125