1 0.278125 0.34140625 0.03828125 0.034375
1 0.7296875 0.3140625 0.059375 0.0328125
1 0.78046875 0.31796875 0.07890625 0.04453125
1 0.83046875 0.31484375 0.0734375 0.04296875
1 0.871875 0.3078125 0.05 0.02578125
1 0.93359375 0.30546875 0.0828125 0.05703125
1 0.59296875 0.3359375 0.07265625 0.04921875
1 0.70234375 0.31328125 0.06796875 0.03359375
1 0.66875 0.31484375 0.07421875 0.0296875
1 0.0828125 0.35703125 0.03671875 0.0390625
1 0.3609375 0.340625 0.02890625 0.025
1 0.97890625 0.309375 0.03046875 0.04453125
1 0.62734375 0.33203125 0.0640625 0.053125
3 0.93203125 0.30859375 0.078125 0.053125
1 0.56015625 0.30390625 0.7359375 0.11953125