2 0.30703125 0.84765625 0.04375 0.0859375
3 0.8359375 0.5078125 0.17578125 0.3
3 0.33203125 0.55625 0.0953125 0.1546875
3 0.025 0.54375 0.05 0.17265625
1 0.546875 0.85 0.1390625 0.18203125
1 0.32890625 0.69765625 0.1125 0.1453125
1 0.4265625 0.61171875 0.10625 0.1546875
1 0.62265625 0.58359375 0.03203125 0.0921875
1 0.7 0.57734375 0.07734375 0.109375
1 0.728125 0.5953125 0.0390625 0.090625
1 0.915625 0.66484375 0.11015625 0.18828125
1 0.5890625 0.52109375 0.0484375 0.07421875
1 0.9875 0.7765625 0.021875 0.21328125
1 0.03828125 0.9109375 0.0765625 0.15
1 0.63359375 0.21796875 0.040625 0.03359375
1 0.67578125 0.21640625 0.046875 0.034375
1 0.571875 0.48671875 0.04765625 0.05234375
1 0.5078125 0.29296875 0.128125 0.3140625