1 0.45234375 0.85234375 0.15390625 0.0875
3 0.296875 0.8609375 0.265625 0.10234375
1 0.8859375 0.83671875 0.0625 0.03203125
1 0.77578125 0.8359375 0.1 0.053125
1 0.7484375 0.84453125 0.04921875 0.04609375
1 0.80703125 0.83203125 0.09609375 0.053125
1 0.9640625 0.82109375 0.04609375 0.01640625
1 0.54296875 0.853125 0.05078125 0.0546875
1 0.96640625 0.82890625 0.06015625 0.01796875
1 0.86484375 0.84140625 0.0234375 0.02890625
1 0.92578125 0.90390625 0.1421875 0.1359375
1 0.93046875 0.83125 0.02734375 0.02578125