1 0.38046875 0.4390625 0.03515625 0.0171875
1 0.37109375 0.46796875 0.046875 0.0359375
2 0.6171875 0.8015625 0.19765625 0.3921875
2 0.790625 0.7703125 0.2140625 0.453125
2 0.91796875 0.7640625 0.16015625 0.45078125
2 0.4921875 0.57421875 0.1046875 0.1578125
2 0.628125 0.56796875 0.08125 0.09375
2 0.80625 0.546875 0.08125 0.1234375
2 0.5671875 0.65078125 0.071875 0.17578125
2 0.734375 0.58359375 0.0546875 0.0859375
2 0.66953125 0.63828125 0.08828125 0.24296875
2 0.42578125 0.771875 0.2109375 0.43203125
2 0.2609375 0.80234375 0.1625 0.371875
2 0.09609375 0.7515625 0.178125 0.3484375
2 0.43203125 0.54375 0.05625 0.09296875