1 0.2828125 0.88515625 0.21484375 0.228125
1 0.921875 0.87265625 0.1515625 0.20625
1 0.375 0.7875 0.025 0.075
1 0.42265625 0.76015625 0.02421875 0.04921875
2 0.3109375 0.90703125 0.23203125 0.1640625
2 0.8484375 0.88125 0.0421875 0.0875
2 0.8 0.86171875 0.03125 0.07265625
2 0.53046875 0.80390625 0.04609375 0.0875
2 0.46875 0.7625 0.0125 0.03515625
2 0.75546875 0.84375 0.0421875 0.078125
1 0.70859375 0.78046875 0.0671875 0.11015625
3 0.67890625 0.759375 0.06640625 0.11015625
1 0.38046875 0.7796875 0.03125 0.07265625
1 0.26875 0.8359375 0.4984375 0.2125
1 0.41328125 0.76328125 0.0234375 0.04140625
1 0.428125 0.75546875 0.021875 0.040625
1 0.403125 0.7671875 0.02890625 0.05078125
1 0.36640625 0.7375 0.0203125 0.0109375
2 0.84453125 0.85390625 0.071875 0.1125
2 0.56484375 0.80546875 0.0203125 0.0484375
2 0.57578125 0.79453125 0.01484375 0.03671875
1 0.6203125 0.77265625 0.0453125 0.06875