1 0.62734375 0.759375 0.1640625 0.19296875
1 0.3125 0.72265625 0.0546875 0.05234375
1 0.384375 0.6859375 0.0171875 0.02578125
1 0.40234375 0.67734375 0.02265625 0.021875
1 0.3171875 0.703125 0.04765625 0.05
1 0.54296875 0.75078125 0.05 0.10703125
1 0.1859375 0.72265625 0.0609375 0.0703125
1 0.378125 0.69296875 0.0140625 0.02734375
1 0.2671875 0.69921875 0.02109375 0.06015625
1 0.425 0.67890625 0.025 0.0296875
3 0.52578125 0.68359375 0.03984375 0.040625
3 0.71875 0.7390625 0.06484375 0.09921875
3 0.1875 0.72421875 0.06640625 0.071875
1 0.446875 0.67421875 0.01640625 0.01796875
3 0.21953125 0.7140625 0.04296875 0.065625
3 0.53671875 0.65078125 0.0359375 0.0171875
3 0.3390625 0.690625 0.04609375 0.0640625
3 0.4234375 0.671875 0.02109375 0.03046875
3 0.921875 0.6515625 0.01484375 0.01484375