2 0.6609375 0.3484375 0.125 0.2109375
2 0.52421875 0.628125 0.36875 0.365625
2 0.79609375 0.30078125 0.22265625 0.2515625
2 0.43046875 0.7890625 0.85703125 0.39765625
2 0.5671875 0.34609375 0.12890625 0.1859375
2 0.68828125 0.24453125 0.06328125 0.05390625
2 0.4625 0.27265625 0.065625 0.11171875
2 0.37421875 0.18359375 0.0375 0.04453125
2 0.3578125 0.27421875 0.06796875 0.1453125
2 0.21796875 0.578125 0.4359375 0.396875
2 0.91640625 0.75859375 0.1640625 0.45078125
2 0.9078125 0.4421875 0.18125 0.21875
3 0.93984375 0.128125 0.10390625 0.11484375
2 0.54140625 0.23125 0.059375 0.06015625
2 0.5 0.56484375 0.996875 0.865625