1 0.23203125 0.79375 0.10390625 0.053125
1 0.41171875 0.77578125 0.05625 0.03359375
1 0.4921875 0.76796875 0.021875 0.015625
1 0.67265625 0.78671875 0.0359375 0.040625
1 0.70234375 0.7921875 0.053125 0.06875
1 0.73046875 0.79921875 0.06875 0.08984375
1 0.84609375 0.82890625 0.2546875 0.1703125
1 0.34375 0.7859375 0.0828125 0.03984375
1 0.66875 0.775 0.04453125 0.0390625
1 0.89765625 0.8859375 0.2 0.225
1 0.44921875 0.7703125 0.02109375 0.01640625
1 0.584375 0.7703125 0.0296875 0.01953125
3 0.109375 0.83046875 0.21875 0.1859375
1 0.5625 0.76171875 0.1375 0.0234375