1 0.553125 0.515625 0.0890625 0.1078125
1 0.2921875 0.6640625 0.1765625 0.22421875
1 0.38125 0.5703125 0.08671875 0.0921875
1 0.53984375 0.47265625 0.0546875 0.05234375
1 0.8484375 0.6390625 0.14453125 0.1578125
1 0.7578125 0.5625 0.103125 0.121875
1 0.4328125 0.49296875 0.08046875 0.07734375
1 0.70546875 0.55078125 0.053125 0.08984375
1 0.78828125 0.5984375 0.10546875 0.128125
1 0.35 0.6265625 0.08359375 0.153125
1 0.38046875 0.6109375 0.05546875 0.121875
1 0.646875 0.4796875 0.0578125 0.0734375
1 0.37109375 0.58125 0.0890625 0.09375
3 0.64765625 0.4796875 0.0578125 0.0640625
3 0.465625 0.45625 0.03984375 0.05078125
1 0.61875 0.54140625 0.534375 0.275