1 0.75234375 0.30234375 0.3140625 0.1703125
2 0.8859375 0.65703125 0.13359375 0.21640625
2 0.72578125 0.5546875 0.159375 0.203125
2 0.82109375 0.51484375 0.10625 0.221875
2 0.4546875 0.559375 0.18046875 0.23984375
2 0.31796875 0.40390625 0.1265625 0.20546875
2 0.1421875 0.46796875 0.03828125 0.09921875
2 0.6328125 0.76171875 0.35 0.32265625
2 0.11015625 0.40625 0.05078125 0.11953125
2 0.22890625 0.50390625 0.11796875 0.175
2 0.05 0.4421875 0.0625 0.13125
2 0.50703125 0.45546875 0.07421875 0.14140625