1 0.3203125 0.33828125 0.015625 0.01875
1 0.346875 0.3390625 0.0171875 0.01640625
1 0.29375 0.3359375 0.01953125 0.0203125
1 0.67265625 0.2859375 0.015625 0.0140625
1 0.70390625 0.27890625 0.0078125 0.015625
1 0.69921875 0.2609375 0.0125 0.01484375
1 0.7453125 0.26328125 0.01171875 0.0109375
1 0.55 0.29765625 0.01171875 0.0125
1 0.24140625 0.35078125 0.01796875 0.01796875
1 0.5640625 0.29921875 0.01171875 0.00703125
1 0.1265625 0.30546875 0.02265625 0.01328125
1 0.05546875 0.3171875 0.02734375 0.0171875
1 0.5296875 0.2703125 0.396875 0.05390625