1 0.9015625 0.53046875 0.19375 0.31640625
1 0.64921875 0.45859375 0.16171875 0.2484375
1 0.42421875 0.4109375 0.14375 0.259375
1 0.353125 0.3671875 0.053125 0.1125
2 0.765625 0.77734375 0.17421875 0.43359375
2 0.32109375 0.58125 0.06484375 0.22578125
2 0.24453125 0.4921875 0.05703125 0.153125
2 0.42578125 0.59140625 0.0828125 0.26171875
2 0.2078125 0.45703125 0.03515625 0.13984375
2 0.17578125 0.47421875 0.0375 0.13125
2 0.56015625 0.5625 0.05546875 0.22265625
1 0.1359375 0.36484375 0.04609375 0.07734375
1 0.32421875 0.3359375 0.0234375 0.04296875
1 0.1953125 0.328125 0.021875 0.03125
2 0.50546875 0.5328125 0.06484375 0.2046875