2 0.57265625 0.86171875 0.253125 0.22265625
2 0.85703125 0.85625 0.28203125 0.28203125
2 0.3640625 0.85234375 0.31328125 0.25625
1 0.4609375 0.6890625 0.1390625 0.08671875
1 0.7515625 0.64921875 0.03203125 0.03515625
1 0.296875 0.678125 0.16171875 0.0984375
1 0.90859375 0.68125 0.15234375 0.07890625
1 0.81953125 0.6609375 0.08984375 0.05390625
1 0.70234375 0.66328125 0.0515625 0.04296875
1 0.146875 0.82265625 0.29296875 0.240625
1 0.1109375 0.88828125 0.215625 0.2
1 0.5859375 0.66796875 0.06171875 0.0546875
1 0.18359375 0.66640625 0.08203125 0.0625
2 0.696875 0.803125 0.1453125 0.19921875