3 0.55078125 0.3484375 0.32421875 0.5046875
1 0.0828125 0.47734375 0.165625 0.1921875
1 0.16875 0.453125 0.1390625 0.16640625
1 0.74453125 0.390625 0.090625 0.11171875
1 0.85859375 0.33359375 0.06953125 0.04609375
1 0.2921875 0.371875 0.0421875 0.06171875
3 0.45703125 0.50546875 0.353125 0.4546875
1 0.76796875 0.33359375 0.10625 0.05703125
1 0.24609375 0.35546875 0.06953125 0.0328125
1 0.95625 0.3375 0.04609375 0.02421875
1 0.709375 0.33515625 0.0296875 0.04921875
1 0.34609375 0.3546875 0.03515625 0.0546875