3 0.6 0.67578125 0.23984375 0.11015625
1 0.32265625 0.659375 0.03125 0.0390625
1 0.2859375 0.6625 0.059375 0.05078125
1 0.3828125 0.6421875 0.02265625 0.03203125
1 0.4703125 0.6328125 0.0140625 0.0203125
3 0.403125 0.63828125 0.02578125 0.03046875
3 0.54375 0.634375 0.03671875 0.02890625
1 0.3609375 0.6484375 0.0421875 0.03984375
1 0.43046875 0.6359375 0.0140625 0.0234375
1 0.40234375 0.6390625 0.0265625 0.03359375
1 0.54921875 0.634375 0.03671875 0.02578125
1 0.5234375 0.6359375 0.0140625 0.0234375
1 0.41875 0.63671875 0.01640625 0.0265625