1 0.93515625 0.30859375 0.084375 0.090625
1 0.87109375 0.30625 0.0484375 0.0515625
1 0.815625 0.2984375 0.0140625 0.01796875
1 0.80390625 0.29609375 0.01328125 0.02265625
2 0.3484375 0.53515625 0.69375 0.840625
2 0.6453125 0.38671875 0.34140625 0.53046875
2 0.20234375 0.9 0.4046875 0.19453125
2 0.7265625 0.3421875 0.07890625 0.140625
2 0.75 0.32890625 0.0796875 0.175
2 0.77890625 0.30625 0.0390625 0.07734375
1 0.98203125 0.325 0.0328125 0.14765625
1 0.89921875 0.2953125 0.0140625 0.01953125
2 0.7625 0.3265625 0.071875 0.1734375