3 0.39375 0.53203125 0.446875 0.2484375
3 0.85546875 0.28125 0.09765625 0.1265625
1 0.21796875 0.82265625 0.22578125 0.15703125
1 0.2109375 0.93671875 0.2671875 0.12578125
1 0.41171875 0.88671875 0.19765625 0.18671875
1 0.51328125 0.96484375 0.1921875 0.065625
1 0.6578125 0.89296875 0.1953125 0.20390625
1 0.071875 0.82734375 0.14296875 0.17734375
1 0.04453125 0.95546875 0.0890625 0.0875
1 0.6265625 0.515625 0.07421875 0.08046875
1 0.71953125 0.46171875 0.08046875 0.07265625
1 0.8078125 0.45078125 0.096875 0.10390625
1 0.70390625 0.41796875 0.07265625 0.06796875
1 0.609375 0.4109375 0.0828125 0.08046875
1 0.76640625 0.4296875 0.0375 0.05546875
3 0.8984375 0.890625 0.2 0.215625
1 0.54921875 0.425 0.8984375 0.33828125