1 0.034375 0.103125 0.065625 0.0625
1 0.14453125 0.11640625 0.07578125 0.0546875
1 0.08359375 0.11484375 0.0453125 0.04375
1 0.5921875 0.12265625 0.0328125 0.0578125
1 0.5109375 0.1234375 0.1109375 0.06953125
1 0.39453125 0.121875 0.08359375 0.06171875
1 0.31875 0.0875 0.09375 0.03671875
1 0.43125 0.13515625 0.04375 0.03828125
1 0.96015625 0.1734375 0.0765625 0.0421875
1 0.22265625 0.1203125 0.02734375 0.04921875
1 0.2515625 0.11484375 0.04609375 0.05234375
1 0.18828125 0.1125 0.0203125 0.0421875