1 0.28125 0.38671875 0.021875 0.02109375
1 0.3046875 0.36796875 0.02734375 0.03046875
1 0.67265625 0.434375 0.03359375 0.02421875
1 0.70703125 0.44375 0.03515625 0.02734375
1 0.7828125 0.46875 0.025 0.02109375
1 0.61640625 0.4203125 0.02421875 0.01953125
1 0.1953125 0.434375 0.02578125 0.02578125
1 0.5046875 0.3890625 0.021875 0.01953125
1 0.8390625 0.484375 0.03125 0.0234375
1 0.17265625 0.446875 0.02421875 0.025
1 0.27890625 0.36484375 0.0171875 0.01953125
1 0.0546875 0.45 0.01953125 0.01640625
1 0.071875 0.45703125 0.02265625 0.0234375
1 0.34296875 0.403125 0.6828125 0.1453125