1 0.13984375 0.43984375 0.16328125 0.07734375
1 0.90703125 0.4734375 0.18203125 0.08046875
1 0.23984375 0.4171875 0.09375 0.05625
2 0.53984375 0.66328125 0.31796875 0.4265625
2 0.78828125 0.60703125 0.2546875 0.27578125
2 0.3359375 0.6140625 0.1734375 0.27578125
2 0.259375 0.56484375 0.08359375 0.0734375
1 0.64609375 0.4421875 0.09453125 0.03203125
1 0.0328125 0.4421875 0.065625 0.1203125
1 0.4546875 0.403125 0.040625 0.02109375
1 0.63671875 0.42265625 0.10234375 0.02734375
1 0.96953125 0.6671875 0.06015625 0.10390625
2 0.90078125 0.58125 0.19375 0.153125