1 0.69609375 0.6109375 0.16171875 0.10234375
1 0.60859375 0.590625 0.115625 0.1109375
1 0.4015625 0.57890625 0.02890625 0.034375
1 0.42890625 0.58203125 0.046875 0.040625
1 0.3546875 0.584375 0.07265625 0.05625
1 0.4859375 0.58671875 0.05546875 0.05546875
1 0.29453125 0.58125 0.021875 0.03515625
1 0.38984375 0.5671875 0.01953125 0.021875
1 0.7875 0.63125 0.04375 0.10546875
1 0.934375 0.62265625 0.128125 0.1640625
1 0.528125 0.5921875 0.0765625 0.0640625
1 0.271875 0.5703125 0.0125 0.02890625
1 0.36328125 0.615625 0.075 0.0640625