1 0.246875 0.13671875 0.0609375 0.08671875
1 0.20859375 0.14453125 0.04609375 0.0953125
1 0.403125 0.1203125 0.0546875 0.06796875
1 0.36328125 0.14140625 0.04296875 0.0671875
1 0.53828125 0.14296875 0.04296875 0.06484375
1 0.68828125 0.12109375 0.0375 0.0484375
1 0.6140625 0.12734375 0.025 0.0390625
1 0.6265625 0.09765625 0.01796875 0.034375
1 0.7265625 0.11015625 0.03359375 0.0546875
1 0.46953125 0.1359375 0.075 0.078125
1 0.02734375 0.140625 0.04140625 0.03828125
1 0.43359375 0.10390625 0.02421875 0.04375