1 0.20234375 0.7484375 0.04609375 0.05078125
1 0.14375 0.753125 0.0453125 0.04453125
1 0.04765625 0.76953125 0.06015625 0.04609375
1 0.28046875 0.73046875 0.02734375 0.03359375
1 0.48984375 0.69765625 0.01640625 0.021875
1 0.471875 0.6859375 0.01328125 0.01328125
1 0.48671875 0.67734375 0.009375 0.009375
1 0.22265625 0.73125 0.025 0.03046875
1 0.2796875 0.71015625 0.01640625 0.01796875
1 0.46328125 0.6796875 0.0109375 0.009375
1 0.50390625 0.67890625 0.0125 0.015625
1 0.4546875 0.678125 0.00703125 0.0078125