1 0.09296875 0.56640625 0.02265625 0.02265625
1 0.2484375 0.56015625 0.01484375 0.0203125
2 0.61328125 0.84921875 0.253125 0.27421875
1 0.0296875 0.57890625 0.0234375 0.03671875
2 0.43828125 0.74921875 0.1296875 0.29140625
2 0.32421875 0.64375 0.0609375 0.14140625
2 0.2828125 0.6328125 0.0484375 0.08671875
2 0.24296875 0.6171875 0.0390625 0.08046875
2 0.21640625 0.6140625 0.0234375 0.0484375
2 0.1953125 0.590625 0.01015625 0.028125
2 0.36953125 0.68203125 0.06328125 0.19921875
2 0.1875 0.5796875 0.00625 0.0171875
2 0.18203125 0.575 0.00703125 0.0203125
2 0.17734375 0.56953125 0.00703125 0.01796875
1 0.10859375 0.5671875 0.0125 0.015625
1 0.06953125 0.5734375 0.015625 0.0234375
1 0.06015625 0.57734375 0.0140625 0.02890625
1 0.03984375 0.575 0.0328125 0.0375
1 0.01171875 0.5828125 0.0234375 0.04921875
3 0.96796875 0.84921875 0.0609375 0.27734375