2 0.240625 0.71484375 0.46171875 0.54375
2 0.6671875 0.8640625 0.4921875 0.26875
2 0.71640625 0.55 0.56171875 0.334375
2 0.76015625 0.34296875 0.47578125 0.1359375
2 0.709375 0.2875 0.39765625 0.1109375
2 0.7328125 0.6140625 0.52890625 0.196875
2 0.63203125 0.203125 0.171875 0.04375
2 0.571875 0.17578125 0.08203125 0.02890625
2 0.2859375 0.27890625 0.3890625 0.11015625
2 0.7609375 0.39296875 0.4734375 0.0984375
2 0.6796875 0.21875 0.28984375 0.06015625
2 0.6890625 0.25 0.33828125 0.040625
2 0.196875 0.509375 0.39296875 0.3734375
2 0.2984375 0.334375 0.5921875 0.415625