0 0.81484375 0.69921875 0.0828125 0.071875
1 0.7671875 0.84921875 0.06796875 0.03984375
1 0.8765625 0.8609375 0.05546875 0.0453125
1 0.89140625 0.8828125 0.06484375 0.05078125
1 0.84140625 0.8265625 0.07578125 0.03828125
1 0.63125 0.85078125 0.075 0.04921875
1 0.97265625 0.884375 0.04140625 0.05625
1 0.79296875 0.80703125 0.0578125 0.0359375
1 0.70859375 0.85078125 0.05859375 0.0484375
1 0.9734375 0.746875 0.05 0.04375
1 0.940625 0.8828125 0.06640625 0.0546875
1 0.83671875 0.80703125 0.0546875 0.02890625
1 0.89375 0.8140625 0.065625 0.040625
1 0.8203125 0.85390625 0.0625 0.03359375
3 0.56875 0.83203125 0.0796875 0.05859375
1 0.709375 0.69609375 0.578125 0.19609375