1 0.4984375 0.83828125 0.10390625 0.10390625
1 0.3953125 0.85 0.0984375 0.1078125
1 0.0828125 0.928125 0.1375 0.14296875
1 0.61875 0.846875 0.08203125 0.05546875
1 0.9875 0.8171875 0.021875 0.08359375
1 0.22734375 0.8375 0.0265625 0.03984375
1 0.2953125 0.8375 0.0296875 0.0296875
1 0.028125 0.95234375 0.05625 0.0921875
1 0.92890625 0.82109375 0.11171875 0.08203125
1 0.2484375 0.83515625 0.021875 0.02890625
1 0.13671875 0.86171875 0.0421875 0.053125
1 0.26640625 0.83046875 0.01171875 0.01328125
1 0.56875 0.84453125 0.0453125 0.05859375