2 0.32734375 0.51875 0.1765625 0.08203125
2 0.2359375 0.52109375 0.05078125 0.05859375
2 0.653125 0.52109375 0.07734375 0.0515625
2 0.70703125 0.525 0.04609375 0.04375
2 0.74453125 0.51875 0.03515625 0.04765625
2 0.79140625 0.5203125 0.02265625 0.0234375
2 0.72421875 0.5203125 0.01953125 0.034375
2 0.74921875 0.51328125 0.059375 0.05234375
2 0.77890625 0.521875 0.02265625 0.03203125
2 0.121875 0.50703125 0.16484375 0.08515625
2 0.59921875 0.496875 0.021875 0.053125
2 0.9671875 0.5203125 0.025 0.021875