2 0.2484375 0.58671875 0.31171875 0.30234375
2 0.7578125 0.52734375 0.209375 0.15625
2 0.546875 0.5296875 0.12109375 0.20546875
2 0.640625 0.47265625 0.13671875 0.09296875
2 0.165625 0.51875 0.1484375 0.08828125
2 0.38515625 0.54609375 0.31171875 0.225
2 0.54296875 0.48046875 0.146875 0.15625
2 0.946875 0.46953125 0.10078125 0.10390625
1 0.1 0.4390625 0.11640625 0.0609375
2 0.0828125 0.63828125 0.16484375 0.35234375
2 0.73828125 0.50078125 0.05546875 0.03984375
2 0.83984375 0.50859375 0.05625 0.10390625
2 0.8875 0.47890625 0.0671875 0.0953125