1 0.5234375 0.728125 0.0171875 0.01015625
1 0.4890625 0.7390625 0.0171875 0.0109375
1 0.490625 0.70859375 0.015625 0.0078125
1 0.5796875 0.73828125 0.0203125 0.01171875
1 0.54921875 0.72578125 0.015625 0.009375
1 0.57109375 0.73359375 0.015625 0.009375
1 0.55390625 0.74375 0.01953125 0.0078125
1 0.5296875 0.7109375 0.01328125 0.0078125
1 0.47265625 0.7046875 0.0171875 0.00859375
1 0.4390625 0.69375 0.0265625 0.00703125
1 0.51875 0.7140625 0.01484375 0.00859375
1 0.64375 0.73046875 0.0109375 0.00703125
1 0.2828125 0.79140625 0.0109375 0.01171875
1 0.4203125 0.75859375 0.10703125 0.1328125