1 0.69609375 0.31875 0.05546875 0.02890625
1 0.909375 0.4 0.071875 0.04765625
1 0.98046875 0.4609375 0.03515625 0.0375
1 0.284375 0.44140625 0.096875 0.03828125
1 0.609375 0.3140625 0.0375 0.0296875
1 0.05859375 0.4609375 0.05078125 0.0296875
0 0.76171875 0.43046875 0.14375 0.11875
3 0.8203125 0.375 0.10703125 0.09296875
1 0.5765625 0.22734375 0.03515625 0.021875
3 0.62890625 0.2671875 0.0828125 0.05546875
3 0.75234375 0.3421875 0.05625 0.059375
1 0.75 0.3421875 0.05859375 0.05546875
3 0.62265625 0.228125 0.04453125 0.03203125