1 0.29765625 0.78984375 0.07265625 0.08828125
1 0.75078125 0.82265625 0.09140625 0.12734375
1 0.1953125 0.8015625 0.08515625 0.08046875
1 0.03984375 0.8015625 0.07734375 0.08828125
1 0.71171875 0.74140625 0.02890625 0.03828125
1 0.596875 0.74375 0.028125 0.03203125
1 0.5171875 0.77421875 0.04375 0.06015625
1 0.5578125 0.765625 0.0140625 0.04296875
1 0.6328125 0.76484375 0.0296875 0.05703125
3 0.8359375 0.78203125 0.05 0.0953125
3 0.778125 0.73984375 0.04375 0.04375
3 0.09453125 0.80078125 0.0515625 0.08671875
1 0.9234375 0.79609375 0.04296875 0.07109375