1 0.678125 0.70390625 0.0796875 0.075
1 0.49765625 0.659375 0.03125 0.04609375
1 0.2671875 0.68125 0.065625 0.06796875
1 0.33046875 0.678125 0.05625 0.053125
1 0.85859375 0.80234375 0.278125 0.22890625
2 0.746875 0.71328125 0.02265625 0.046875
2 0.121875 0.66796875 0.03828125 0.02734375
2 0.2359375 0.65390625 0.01171875 0.0265625
2 0.221875 0.6515625 0.01875 0.03515625
2 0.20546875 0.646875 0.02109375 0.0359375
2 0.45 0.6734375 0.0109375 0.0234375
2 0.63671875 0.9546875 0.05390625 0.071875
1 0.596875 0.65078125 0.021875 0.03515625
1 0.9296875 0.67578125 0.0578125 0.03359375
2 0.37265625 0.68359375 0.01875 0.0234375
2 0.38671875 0.66796875 0.01875 0.0171875
2 0.4703125 0.66171875 0.00859375 0.01796875
2 0.46171875 0.65390625 0.0078125 0.01953125
2 0.57421875 0.646875 0.00546875 0.009375
2 0.1859375 0.65 0.02265625 0.0328125
2 0.14375 0.640625 0.0625 0.04375