1 0.28828125 0.34140625 0.0578125 0.0234375
1 0.29609375 0.32578125 0.0328125 0.021875
1 0.16015625 0.3703125 0.31953125 0.05234375
1 0.1484375 0.34609375 0.034375 0.01796875
1 0.159375 0.33671875 0.05078125 0.0203125
1 0.1828125 0.32890625 0.03984375 0.01796875
1 0.09296875 0.36484375 0.05546875 0.02734375
1 0.1359375 0.35234375 0.0390625 0.025
1 0.1546875 0.34140625 0.0375 0.015625
1 0.284375 0.35390625 0.07109375 0.0296875
1 0.2046875 0.32265625 0.025 0.01328125
1 0.05859375 0.33046875 0.0328125 0.03125