1 0.0859375 0.3421875 0.17109375 0.1234375
1 0.94296875 0.346875 0.1109375 0.10234375
1 0.16953125 0.26875 0.07578125 0.053125
1 0.209375 0.253125 0.0703125 0.0609375
1 0.44296875 0.2515625 0.03515625 0.0390625
1 0.1 0.25234375 0.0296875 0.03515625
3 0.628125 0.31640625 0.334375 0.17734375
3 0.36796875 0.25703125 0.0453125 0.05703125
1 0.14140625 0.2484375 0.0375 0.0328125
1 0.05859375 0.26171875 0.0765625 0.0546875
1 0.36875 0.25703125 0.0484375 0.0546875
1 0.04765625 0.27265625 0.0953125 0.04921875
1 0.48671875 0.26328125 0.04453125 0.04453125
1 0.31015625 0.253125 0.04921875 0.06875
1 0.621875 0.27109375 0.58125 0.12109375