1 0.7875 0.5421875 0.01640625 0.00546875
1 0.51875 0.74921875 0.05 0.0234375
1 0.06796875 0.7015625 0.03359375 0.0109375
3 0.51484375 0.70703125 0.0578125 0.08359375
3 0.478125 0.7046875 0.059375 0.0828125
1 0.26640625 0.815625 0.05078125 0.021875
1 0.05859375 0.71875 0.0546875 0.015625
1 0.75625 0.52734375 0.0234375 0.0125
3 0.86953125 0.89609375 0.1390625 0.075
3 0.04765625 0.78828125 0.0578125 0.040625
3 0.6890625 0.62890625 0.02578125 0.021875
3 0.6140625 0.6359375 0.05078125 0.03359375
3 0.328125 0.86796875 0.1046875 0.05234375
1 0.06953125 0.70703125 0.05 0.01875