1 0.7109375 0.56328125 0.0171875 0.009375
1 0.721875 0.5640625 0.015625 0.009375
1 0.72890625 0.565625 0.0140625 0.00859375
1 0.75625 0.56640625 0.0171875 0.0125
1 0.8734375 0.56171875 0.03046875 0.01171875
1 0.80625 0.5671875 0.03046875 0.01171875
1 0.84921875 0.56328125 0.0328125 0.015625
1 0.9 0.5625 0.021875 0.00859375
1 0.7671875 0.565625 0.0171875 0.01328125
1 0.7421875 0.565625 0.02421875 0.009375
1 0.96484375 0.55390625 0.0140625 0.01484375
1 0.75234375 0.55546875 0.0234375 0.009375
1 0.82421875 0.56328125 0.0125 0.0109375
1 0.84609375 0.55859375 0.1703125 0.03359375