2 0.79765625 0.60859375 0.2046875 0.19296875
2 0.4484375 0.60703125 0.13828125 0.1546875
2 0.28984375 0.596875 0.11484375 0.0828125
2 0.62421875 0.525 0.0328125 0.0328125
2 0.94296875 0.5296875 0.02578125 0.065625
2 0.8859375 0.58828125 0.05390625 0.1578125
2 0.58984375 0.6 0.06328125 0.12265625
2 0.64453125 0.58828125 0.0734375 0.10234375
2 0.165625 0.5890625 0.0578125 0.11875
2 0.3546875 0.58515625 0.06640625 0.084375
2 0.22109375 0.5828125 0.08359375 0.096875
2 0.96640625 0.55078125 0.05 0.0828125
2 0.7515625 0.53046875 0.19375 0.07734375