1 0.82109375 0.3296875 0.05234375 0.040625
1 0.2796875 0.36796875 0.06640625 0.0515625
1 0.14140625 0.37421875 0.05 0.06328125
1 0.33515625 0.35390625 0.0765625 0.06796875
1 0.3953125 0.35859375 0.0578125 0.05234375
1 0.4296875 0.35078125 0.07265625 0.05859375
1 0.9671875 0.321875 0.05703125 0.02578125
1 0.3625 0.31015625 0.0421875 0.02109375
1 0.56484375 0.3359375 0.09765625 0.06171875
1 0.034375 0.390625 0.06875 0.05625
1 0.42890625 0.30546875 0.0359375 0.02265625
1 0.64296875 0.34453125 0.01640625 0.03359375
1 0.2640625 0.31484375 0.0359375 0.0265625