1 0.384375 0.23359375 0.31875 0.35546875
1 0.1703125 0.0625 0.1234375 0.125
1 0.9640625 0.07890625 0.06875 0.06015625
1 0.6421875 0.290625 0.09140625 0.2546875
1 0.83828125 0.05390625 0.11171875 0.10625
1 0.23359375 0.24453125 0.0890625 0.35234375
1 0.4546875 0.08984375 0.103125 0.07421875
1 0.07265625 0.0828125 0.1453125 0.121875
1 0.64921875 0.10078125 0.090625 0.1046875
1 0.89296875 0.05078125 0.03359375 0.10078125
1 0.80625 0.28984375 0.07421875 0.1421875
1 0.7328125 0.3109375 0.1171875 0.11171875
1 0.809375 0.2265625 0.24140625 0.33203125
1 0.39140625 0.1875 0.7390625 0.375