1 0.28046875 0.896875 0.0390625 0.03515625
1 0.29609375 0.95234375 0.0484375 0.0578125
1 0.590625 0.921875 0.03671875 0.04296875
1 0.55390625 0.775 0.01796875 0.025
1 0.5359375 0.95546875 0.0421875 0.06484375
1 0.33046875 0.91328125 0.03984375 0.03828125
1 0.34296875 0.834375 0.03359375 0.02890625
1 0.38046875 0.796875 0.021875 0.02421875
1 0.40546875 0.89609375 0.028125 0.05078125
1 0.534375 0.90703125 0.034375 0.03203125
0 0.66875 0.8859375 0.05859375 0.0953125
1 0.60234375 0.76484375 0.0171875 0.02265625
1 0.225 0.9625 0.0484375 0.05234375
1 0.59453125 0.95859375 0.03984375 0.05703125
1 0.521875 0.77890625 0.3640625 0.43515625