1 0.37265625 0.91484375 0.10234375 0.16171875
1 0.44921875 0.88671875 0.09375 0.134375
1 0.52734375 0.8640625 0.103125 0.128125
1 0.59921875 0.84921875 0.11875 0.13046875
1 0.6984375 0.93359375 0.146875 0.11484375
1 0.7765625 0.79609375 0.11171875 0.08828125
1 0.840625 0.88828125 0.14609375 0.10625
1 0.75859375 0.90625 0.1546875 0.1515625
1 0.603125 0.94609375 0.13125 0.10390625
1 0.97421875 0.90234375 0.0484375 0.07890625
1 0.88984375 0.871875 0.128125 0.0953125
1 0.515625 0.94375 0.125 0.10859375
1 0.95 0.790625 0.096875 0.08125
1 0.5203125 0.790625 0.95625 0.41484375