0 0.02734375 0.91796875 0.05390625 0.13671875
0 0.271875 0.93671875 0.11171875 0.1203125
0 0.59453125 0.91328125 0.1640625 0.16796875
0 0.78359375 0.90625 0.2203125 0.18203125
0 0.909375 0.91015625 0.178125 0.175
1 0.3515625 0.84296875 0.03828125 0.04453125
1 0.47890625 0.8484375 0.034375 0.0609375
1 0.22265625 0.8421875 0.04375 0.05
1 0.128125 0.84296875 0.059375 0.05390625
1 0.07890625 0.834375 0.06484375 0.05859375
1 0.5125 0.8359375 0.03203125 0.0578125
1 0.94296875 0.81484375 0.05625 0.03125
1 0.31484375 0.83671875 0.03671875 0.0421875
1 0.27578125 0.83671875 0.04375 0.0609375
1 0.97734375 0.8125 0.02578125 0.02890625
1 0.03515625 0.8328125 0.06953125 0.0515625
0 0.946875 0.86640625 0.103125 0.0703125