1 0.48671875 0.12734375 0.01484375 0.021875
1 0.4265625 0.1296875 0.02421875 0.0171875
1 0.3796875 0.12890625 0.02109375 0.01796875
1 0.3546875 0.13203125 0.0203125 0.0125
1 0.334375 0.13125 0.02109375 0.01640625
1 0.2765625 0.13125 0.02734375 0.01796875
1 0.54921875 0.125 0.028125 0.02265625
1 0.7109375 0.12890625 0.02578125 0.01875
1 0.25546875 0.13125 0.0203125 0.01640625
1 0.30078125 0.13125 0.01875 0.01640625
1 0.3171875 0.13125 0.01796875 0.01640625
1 0.4375 0.12734375 0.02265625 0.021875
1 0.471875 0.1265625 0.01484375 0.0171875