1 0.4265625 0.87421875 0.834375 0.18671875
1 0.3078125 0.73046875 0.1921875 0.0984375
1 0.5359375 0.71015625 0.10703125 0.09453125
1 0.64609375 0.696875 0.08515625 0.09453125
1 0.67109375 0.67734375 0.09296875 0.09921875
1 0.80546875 0.63203125 0.06875 0.04609375
1 0.89765625 0.6609375 0.06640625 0.090625
1 0.8875 0.6015625 0.053125 0.03125
1 0.7859375 0.7671875 0.18984375 0.21171875
1 0.46953125 0.70703125 0.0890625 0.11015625
1 0.55546875 0.7046875 0.1015625 0.1125
1 0.3859375 0.70859375 0.184375 0.16796875
1 0.72890625 0.61953125 0.0375 0.02734375
1 0.80234375 0.70390625 0.30390625 0.25390625