1 0.2546875 0.78671875 0.1234375 0.1234375
1 0.621875 0.73359375 0.0578125 0.05625
3 0.3921875 0.671875 0.12421875 0.20546875
1 0.5453125 0.7484375 0.0328125 0.07734375
1 0.490625 0.75703125 0.1015625 0.1375
3 0.61640625 0.68046875 0.065625 0.12421875
3 0.5515625 0.6703125 0.0328125 0.05
1 0.65546875 0.6671875 0.01015625 0.01953125
1 0.6734375 0.675 0.01796875 0.0203125
1 0.9046875 0.69140625 0.0171875 0.0078125
1 0.89140625 0.6890625 0.01796875 0.009375
1 0.53046875 0.6796875 0.01484375 0.02109375
1 0.503125 0.678125 0.0296875 0.0171875