1 0.7015625 0.6015625 0.03984375 0.0484375
1 0.75859375 0.58359375 0.04453125 0.05859375
1 0.759375 0.5265625 0.0296875 0.0265625
1 0.75390625 0.64921875 0.04296875 0.05078125
1 0.88203125 0.784375 0.08203125 0.1125
3 0.6703125 0.53359375 0.04609375 0.06875
1 0.9625 0.5796875 0.071875 0.05390625
1 0.8078125 0.57109375 0.040625 0.034375
1 0.98671875 0.60390625 0.0234375 0.03515625
1 0.8203125 0.67734375 0.05625 0.0625
1 0.69921875 0.6546875 0.0625 0.05859375
1 0.63984375 0.5828125 0.03046875 0.03515625
3 0.7171875 0.509375 0.04921875 0.0828125
3 0.95703125 0.5484375 0.0828125 0.0515625