0 0.1578125 0.5390625 0.125 0.16640625
0 0.39765625 0.7078125 0.084375 0.215625
1 0.65703125 0.35390625 0.0609375 0.0546875
3 0.653125 0.62421875 0.4796875 0.596875
1 0.940625 0.38984375 0.115625 0.1234375
1 0.8828125 0.46015625 0.0796875 0.0859375
1 0.9640625 0.5734375 0.07109375 0.0625
1 0.0296875 0.38671875 0.059375 0.040625
1 0.7171875 0.3484375 0.06015625 0.01953125
1 0.834375 0.34921875 0.0734375 0.0515625
1 0.98046875 0.6109375 0.0359375 0.034375
1 0.753125 0.3859375 0.1765625 0.0609375
1 0.6203125 0.33046875 0.10390625 0.03359375
1 0.853125 0.39453125 0.059375 0.04765625