1 0.26015625 0.70390625 0.053125 0.08515625
1 0.19765625 0.6921875 0.03828125 0.05390625
1 0.31484375 0.65625 0.01484375 0.01875
1 0.27890625 0.665625 0.0203125 0.01953125
0 0.55078125 0.6484375 0.1484375 0.17734375
2 0.38984375 0.725 0.03671875 0.07421875
2 0.29765625 0.72265625 0.040625 0.0859375
2 0.23046875 0.72734375 0.03359375 0.0796875
2 0.12890625 0.73203125 0.03828125 0.078125
2 0.0515625 0.73828125 0.04140625 0.075
0 0.46328125 0.6453125 0.05859375 0.13203125
0 0.421875 0.64765625 0.028125 0.0859375
2 0.15859375 0.72421875 0.0390625 0.0796875
2 0.021875 0.72109375 0.03515625 0.0796875
1 0.10625 0.71015625 0.03671875 0.0734375
1 0.2921875 0.65546875 0.0125 0.015625
2 0.2 0.70078125 0.0171875 0.046875
0 0.4015625 0.66015625 0.028125 0.04921875