2 0.66015625 0.7703125 0.1796875 0.21171875
2 0.5 0.5125 0.09453125 0.14375
2 0.52578125 0.8796875 0.2875 0.12734375
2 0.39921875 0.4140625 0.078125 0.08515625
2 0.5234375 0.4953125 0.05625 0.01875
0 0.74296875 0.23203125 0.2828125 0.153125
1 0.2015625 0.6875 0.403125 0.1984375
1 0.17265625 0.59296875 0.3453125 0.12734375
1 0.1875 0.5734375 0.37109375 0.184375
1 0.04375 0.4609375 0.0875 0.04609375
1 0.784375 0.4515625 0.26796875 0.178125
1 0.853125 0.48046875 0.13125 0.20390625
1 0.5859375 0.3421875 0.21484375 0.08828125
1 0.92734375 0.46015625 0.1390625 0.3265625
1 0.40546875 0.3125 0.146875 0.01875
1 0.11875 0.3921875 0.2375 0.046875
1 0.72421875 0.4125 0.22734375 0.13671875
1 0.11640625 0.3421875 0.2328125 0.08046875
2 0.33125 0.41328125 0.07578125 0.1
2 0.7421875 0.61484375 0.075 0.0359375
2 0.3421875 0.571875 0.14296875 0.16015625
1 0.94921875 0.68046875 0.0953125 0.3078125
1 0.49921875 0.50703125 0.9984375 0.9453125