2 0.78671875 0.72109375 0.4234375 0.45
2 0.09296875 0.640625 0.18359375 0.53828125
2 0.246875 0.29765625 0.165625 0.25703125
2 0.08671875 0.36171875 0.14375 0.29375
2 0.7703125 0.26171875 0.12890625 0.0828125
2 0.39921875 0.4125 0.140625 0.27421875
2 0.54609375 0.31953125 0.12421875 0.2625
2 0.75859375 0.4875 0.4796875 0.5125
2 0.49296875 0.24765625 0.04765625 0.12734375
2 0.0453125 0.43046875 0.090625 0.24609375
2 0.1171875 0.3046875 0.23046875 0.3140625
2 0.35234375 0.27265625 0.14609375 0.20234375
2 0.41484375 0.25546875 0.146875 0.13984375
2 0.653125 0.190625 0.3 0.06875