1 0.12578125 0.54296875 0.08984375 0.05234375
1 0.3796875 0.5265625 0.03984375 0.03515625
1 0.4125 0.5234375 0.0765625 0.0328125
1 0.46484375 0.52109375 0.0671875 0.03125
1 0.51015625 0.51875 0.05 0.02421875
1 0.6765625 0.51328125 0.0609375 0.0296875
1 0.69609375 0.50859375 0.04296875 0.03046875
1 0.7828125 0.51171875 0.0453125 0.028125
0 0.64765625 0.4953125 0.08046875 0.04453125
3 0.7296875 0.48984375 0.06328125 0.0578125
1 0.5328125 0.5125 0.04921875 0.0296875
3 0.26953125 0.51640625 0.20390625 0.1046875
3 0.64375 0.4953125 0.0703125 0.04296875
3 0.5875 0.5109375 0.06796875 0.03671875
1 0.63671875 0.50859375 0.0375 0.0265625