3 0.1140625 0.7859375 0.11015625 0.14296875
1 0.46171875 0.87109375 0.2015625 0.14296875
1 0.7234375 0.840625 0.13125 0.09140625
1 0.62421875 0.83046875 0.1140625 0.0796875
1 0.54296875 0.81328125 0.096875 0.08203125
1 0.1828125 0.803125 0.0390625 0.0640625
1 0.36875 0.79140625 0.053125 0.06484375
1 0.29765625 0.83984375 0.14375 0.10859375
1 0.253125 0.790625 0.05546875 0.03046875
1 0.45859375 0.7796875 0.096875 0.04453125
1 0.32421875 0.77734375 0.0453125 0.0359375
1 0.2921875 0.7765625 0.0359375 0.02109375