1 0.59765625 0.71328125 0.16484375 0.0828125
1 0.7109375 0.69375 0.03125 0.05
1 0.121875 0.65390625 0.10546875 0.02734375
1 0.65859375 0.68125 0.0859375 0.0390625
1 0.046875 0.69375 0.09375 0.09765625
1 0.28125 0.66171875 0.04609375 0.0578125
1 0.034375 0.775 0.06875 0.12109375
1 0.53984375 0.66171875 0.021875 0.01640625
1 0.71640625 0.66484375 0.02890625 0.01484375
1 0.0609375 0.65 0.0875 0.03359375
1 0.434375 0.6625 0.04296875 0.025
1 0.50234375 0.6546875 0.05078125 0.01796875
1 0.69375 0.7046875 0.0421875 0.05390625
1 0.6625 0.65703125 0.15 0.0203125