0 0.39921875 0.759375 0.28984375 0.17578125
0 0.1 0.696875 0.2 0.11796875
0 0.4296875 0.60234375 0.13828125 0.05625
0 0.675 0.63203125 0.17890625 0.0453125
0 0.63203125 0.5875 0.13515625 0.0265625
0 0.74140625 0.62109375 0.12890625 0.0609375
0 0.57890625 0.61640625 0.1515625 0.04375
0 0.225 0.56875 0.0875 0.040625
0 0.5796875 0.56875 0.10078125 0.03984375
0 0.47734375 0.56171875 0.1 0.028125
0 0.803125 0.60234375 0.07578125 0.0671875
0 0.29921875 0.59609375 0.1421875 0.046875
0 0.340625 0.57109375 0.11171875 0.01640625
0 0.5140625 0.56328125 0.4125 0.09375