0 0.0671875 0.784375 0.08359375 0.12109375
0 0.1296875 0.771875 0.0890625 0.1515625
0 0.46875 0.77578125 0.04921875 0.11953125
0 0.29296875 0.7875 0.059375 0.11328125
0 0.509375 0.69296875 0.040625 0.10625
0 0.4109375 0.7625 0.04921875 0.15859375
0 0.5796875 0.76171875 0.06328125 0.12578125
0 0.690625 0.74765625 0.090625 0.13828125
0 0.65625 0.6703125 0.0546875 0.07734375
0 0.603125 0.6703125 0.06015625 0.109375
0 0.5578125 0.684375 0.05390625 0.11015625
0 0.46328125 0.68515625 0.0359375 0.06484375
0 0.415625 0.66953125 0.03203125 0.05
0 0.5 0.671875 0.996875 0.37265625