1 0.4140625 0.7265625 0.0828125 0.0875
1 0.68984375 0.715625 0.08046875 0.06484375
1 0.21875 0.69921875 0.06953125 0.03359375
1 0.1515625 0.70234375 0.0640625 0.03671875
1 0.8484375 0.703125 0.04921875 0.03515625
1 0.75 0.7078125 0.05 0.034375
3 0.33671875 0.68359375 0.10234375 0.1078125
1 0.06640625 0.69453125 0.040625 0.02578125
1 0.10390625 0.69921875 0.01640625 0.0109375
1 0.1765625 0.6859375 0.0203125 0.021875
1 0.26015625 0.703125 0.03984375 0.03671875
1 0.03125 0.7984375 0.0625 0.1375
1 0.81875 0.6953125 0.034375 0.0359375