1 0.1609375 0.58046875 0.06484375 0.06875
1 0.534375 0.571875 0.15234375 0.153125
1 0.45546875 0.5703125 0.04296875 0.06640625
1 0.93828125 0.88203125 0.11640625 0.22734375
1 0.2015625 0.5703125 0.05546875 0.06015625
1 0.09453125 0.5921875 0.1078125 0.10078125
1 0.22890625 0.56484375 0.034375 0.046875
1 0.23671875 0.5578125 0.0484375 0.05078125
1 0.26875 0.5546875 0.025 0.03515625
1 0.2875 0.55 0.02109375 0.028125
1 0.32578125 0.54375 0.0234375 0.02421875
3 0.45 0.553125 0.0578125 0.071875
1 0.30390625 0.546875 0.0203125 0.0296875
1 0.478125 0.43203125 0.95625 0.5171875