1 0.07265625 0.696875 0.02578125 0.0203125
1 0.0640625 0.66171875 0.00859375 0.009375
1 0.18203125 0.71953125 0.11953125 0.06171875
1 0.0109375 0.67734375 0.01328125 0.0171875
1 0.05 0.68828125 0.02578125 0.0203125
1 0.93359375 0.77734375 0.12734375 0.1734375
1 0.1125 0.7 0.0828125 0.0921875
1 0.084375 0.67890625 0.021875 0.01171875
1 0.0875 0.66171875 0.00703125 0.0078125
0 0.3984375 0.71796875 0.23203125 0.24453125
2 0.0046875 0.70859375 0.009375 0.0296875
3 0.1203125 0.6875 0.071875 0.10390625
1 0.23046875 0.70859375 0.0609375 0.03203125
1 0.0359375 0.6640625 0.01640625 0.0125
2 0.0203125 0.6984375 0.01171875 0.03046875
2 0.0609375 0.671875 0.00703125 0.01484375
2 0.0234375 0.684375 0.01171875 0.01953125