1 0.7578125 0.73515625 0.47109375 0.48515625
1 0.58828125 0.53515625 0.15625 0.06953125
1 0.43359375 0.5328125 0.1421875 0.05703125
1 0.7515625 0.5421875 0.15234375 0.075
1 0.23984375 0.5234375 0.0640625 0.04765625
1 0.1296875 0.51953125 0.0625 0.04609375
1 0.1546875 0.61640625 0.2765625 0.2765625
1 0.3046875 0.52734375 0.06875 0.0515625
1 0.09453125 0.5125 0.03125 0.021875
1 0.471875 0.5140625 0.0390625 0.01875
1 0.51875 0.52421875 0.04296875 0.04296875
1 0.68671875 0.51484375 0.0296875 0.01953125