1 0.9578125 0.71640625 0.0796875 0.14140625
1 0.81328125 0.0875 0.0625 0.05546875
1 0.98828125 0.075 0.0203125 0.0484375
0 0.44609375 0.4625 0.61328125 0.33046875
3 0.53671875 0.10546875 0.22578125 0.1734375
3 0.71640625 0.0609375 0.0984375 0.121875
3 0.3359375 0.1015625 0.2171875 0.19765625
3 0.21796875 0.11640625 0.18671875 0.1734375
3 0.03046875 0.15390625 0.0546875 0.18125
3 0.0796875 0.13046875 0.159375 0.1921875
1 0.64296875 0.090625 0.03984375 0.0578125
1 0.1515625 0.49921875 0.02734375 0.0734375