2 0.72578125 0.5828125 0.0265625 0.03984375
1 0.62890625 0.66875 0.2546875 0.2609375
1 0.3609375 0.55234375 0.11015625 0.1140625
1 0.20234375 0.4671875 0.05625 0.0546875
1 0.25078125 0.45625 0.0296875 0.03203125
1 0.40625 0.44296875 0.02890625 0.03515625
1 0.6953125 0.440625 0.01875 0.0234375
1 0.15703125 0.55234375 0.12265625 0.1140625
1 0.31953125 0.45859375 0.03828125 0.04140625
1 0.59453125 0.528125 0.09296875 0.04921875
1 0.46640625 0.440625 0.03359375 0.0109375
1 0.43046875 0.44453125 0.02109375 0.01875
1 0.6796875 0.4375 0.0171875 0.0296875