1 0.08671875 0.83515625 0.153125 0.1140625
1 0.1921875 0.82265625 0.11953125 0.08515625
1 0.0359375 0.7703125 0.0265625 0.02109375
1 0.71484375 0.76328125 0.03515625 0.01640625
1 0.6765625 0.76484375 0.040625 0.0140625
1 0.76328125 0.76328125 0.015625 0.0140625
1 0.78984375 0.7625 0.05546875 0.0203125
3 0.484375 0.85859375 0.3390625 0.17109375
1 0.97421875 0.8125 0.0484375 0.07890625
1 0.87734375 0.7578125 0.05546875 0.01640625
1 0.0109375 0.77734375 0.0203125 0.0234375
1 0.00703125 0.821875 0.0140625 0.05859375
1 0.97109375 0.7578125 0.05703125 0.0203125
3 0.8578125 0.75546875 0.021875 0.01640625
3 0.97421875 0.81328125 0.0484375 0.07734375
3 0.296875 0.771875 0.04140625 0.0265625
1 0.48203125 0.84921875 0.3484375 0.19375