1 0.6109375 0.55234375 0.42890625 0.43984375
1 0.33671875 0.415625 0.13359375 0.14765625
1 0.6671875 0.325 0.09609375 0.0671875
1 0.53359375 0.3234375 0.05078125 0.02421875
1 0.47890625 0.3265625 0.046875 0.03828125
1 0.45 0.325 0.03359375 0.03203125
1 0.38671875 0.32578125 0.0234375 0.02265625
1 0.3703125 0.32421875 0.021875 0.021875
1 0.3015625 0.325 0.02109375 0.0234375
1 0.425 0.32109375 0.0453125 0.04140625
1 0.2234375 0.328125 0.01796875 0.01953125
1 0.5890625 0.3171875 0.0671875 0.04140625