1 0.609375 0.54765625 0.3015625 0.14140625
1 0.79296875 0.48203125 0.01875 0.0234375
1 0.859375 0.49921875 0.03671875 0.03984375
1 0.87578125 0.490625 0.02734375 0.034375
1 0.8078125 0.48046875 0.01640625 0.01953125
1 0.775 0.48515625 0.0328125 0.03046875
1 0.88125 0.46796875 0.0171875 0.0078125
3 0.484375 0.5015625 0.10859375 0.0625
3 0.67578125 0.478125 0.04296875 0.03203125
1 0.67421875 0.4765625 0.04296875 0.0328125
1 0.840625 0.46484375 0.0109375 0.009375
1 0.846875 0.4640625 0.00546875 0.0078125
1 0.8796875 0.4578125 0.0078125 0.0078125
1 0.85703125 0.4578125 0.00546875 0.01171875