1 0.678125 0.39296875 0.05234375 0.059375
1 0.271875 0.40625 0.07421875 0.06484375
1 0.396875 0.403125 0.08359375 0.05546875
1 0.49609375 0.39921875 0.08359375 0.06015625
1 0.89296875 0.39296875 0.09375 0.09453125
1 0.1421875 0.4078125 0.0671875 0.0609375
1 0.4453125 0.39296875 0.0359375 0.0359375
2 0.4890625 0.56484375 0.971875 0.85703125
1 0.790625 0.396875 0.128125 0.10078125
1 0.725 0.39609375 0.06640625 0.0515625
1 0.56953125 0.40546875 0.0625 0.03984375
1 0.18515625 0.4046875 0.02265625 0.02421875
1 0.871875 0.37890625 0.0375 0.025
1 0.309375 0.39296875 0.0171875 0.03515625