1 0.33828125 0.1734375 0.0390625 0.0296875
1 0.28828125 0.17578125 0.0421875 0.03046875
1 0.509375 0.1671875 0.0671875 0.03125
1 0.62109375 0.1625 0.05859375 0.03046875
1 0.42109375 0.16875 0.053125 0.03203125
1 0.1734375 0.17578125 0.0453125 0.02421875
1 0.8546875 0.15703125 0.05234375 0.028125
1 0.7203125 0.1609375 0.03828125 0.02890625
1 0.9625 0.14765625 0.05390625 0.03984375
1 0.93203125 0.15390625 0.01875 0.02578125
1 0.81328125 0.1546875 0.0203125 0.02578125
0 0.66328125 0.146875 0.09375 0.04765625
1 0.128125 0.17578125 0.08046875 0.0515625
1 0.61015625 0.14921875 0.60390625 0.05859375