0 0.234375 0.55234375 0.11171875 0.11640625
0 0.49921875 0.54375 0.13203125 0.17265625
0 0.77265625 0.54296875 0.06015625 0.084375
0 0.90234375 0.54453125 0.1921875 0.23515625
0 0.6515625 0.53515625 0.040625 0.05625
0 0.61640625 0.534375 0.034375 0.05078125
0 0.73046875 0.528125 0.03828125 0.0484375
0 0.69921875 0.52890625 0.0328125 0.04296875
0 0.6765625 0.5296875 0.02109375 0.03515625
0 0.571875 0.534375 0.01796875 0.0390625
0 0.35625 0.5421875 0.05859375 0.059375
0 0.09375 0.55234375 0.1875 0.1640625
0 0.58984375 0.534375 0.021875 0.0453125
0 0.56640625 0.5375 0.5171875 0.12890625