3 0.86640625 0.68125 0.2640625 0.24921875
1 0.86796875 0.69296875 0.2609375 0.246875
1 0.77578125 0.6546875 0.14609375 0.20859375
1 0.8390625 0.50078125 0.06796875 0.06953125
1 0.97578125 0.51953125 0.0453125 0.05703125
1 0.953125 0.49296875 0.06484375 0.0296875
1 0.915625 0.484375 0.05390625 0.04453125
1 0.9296875 0.45859375 0.03984375 0.0421875
1 0.95234375 0.4453125 0.0296875 0.04140625
1 0.9828125 0.46171875 0.03125 0.0421875
1 0.8875 0.528125 0.16171875 0.05078125
1 0.91484375 0.43984375 0.04375 0.03828125
1 0.7359375 0.60078125 0.075 0.0859375
1 0.8890625 0.48203125 0.04921875 0.04921875
1 0.54921875 0.3328125 0.8984375 0.665625