1 0.74609375 0.68203125 0.09921875 0.1109375
1 0.59375 0.56875 0.06796875 0.053125
1 0.5640625 0.546875 0.04453125 0.04921875
1 0.76875 0.52265625 0.0453125 0.03203125
1 0.76640625 0.5109375 0.0375 0.02109375
1 0.37578125 0.84765625 0.2453125 0.228125
1 0.9234375 0.5265625 0.046875 0.03125
1 0.8859375 0.51484375 0.02265625 0.03125
1 0.33828125 0.496875 0.02734375 0.04921875
1 0.87265625 0.5078125 0.02109375 0.025
3 0.75078125 0.48515625 0.03203125 0.0234375
3 0.59375 0.56875 0.0703125 0.05234375
3 0.3921875 0.46171875 0.0234375 0.04453125
3 0.3734375 0.8421875 0.2421875 0.26015625