1 0.484375 0.52265625 0.8140625 0.42890625
1 0.909375 0.26640625 0.06875 0.02734375
1 0.75390625 0.3234375 0.3 0.140625
1 0.559375 0.2796875 0.084375 0.03828125
1 0.54609375 0.27421875 0.0828125 0.05546875
1 0.51171875 0.2640625 0.03359375 0.02890625
1 0.04765625 0.2546875 0.0953125 0.06015625
1 0.915625 0.290625 0.0421875 0.01875
1 0.8390625 0.3859375 0.31796875 0.17421875
1 0.6125 0.28828125 0.14375 0.06015625
1 0.56953125 0.26875 0.0796875 0.02265625
1 0.4390625 0.2734375 0.13515625 0.09609375
1 0.209375 0.23828125 0.0359375 0.0328125
1 0.5203125 0.25625 0.95625 0.10390625