1 0.28984375 0.803125 0.08671875 0.1421875
1 0.67734375 0.78515625 0.08828125 0.08203125
1 0.7734375 0.79296875 0.11640625 0.1015625
1 0.625 0.77890625 0.065625 0.06640625
1 0.57734375 0.77578125 0.06015625 0.0609375
1 0.346875 0.7640625 0.046875 0.05859375
1 0.5015625 0.76640625 0.04296875 0.04609375
1 0.44765625 0.76796875 0.01796875 0.03828125
1 0.54140625 0.7703125 0.0515625 0.05625
1 0.48046875 0.765625 0.02734375 0.04609375
1 0.46484375 0.7671875 0.02578125 0.0390625
1 0.9 0.8046875 0.1484375 0.12890625
1 0.428125 0.76796875 0.02265625 0.03046875