1 0.92265625 0.328125 0.0265625 0.03203125
1 0.89609375 0.32734375 0.025 0.02578125
1 0.83828125 0.32578125 0.03359375 0.0296875
1 0.89921875 0.37421875 0.03671875 0.01640625
1 0.96328125 0.37578125 0.05390625 0.03046875
1 0.51484375 0.25625 0.04296875 0.0265625
1 0.47734375 0.2578125 0.03046875 0.0234375
1 0.475 0.23359375 0.03359375 0.03515625
1 0.49921875 0.39921875 0.04765625 0.03359375
1 0.753125 0.4203125 0.040625 0.0171875
1 0.7859375 0.321875 0.03671875 0.03125
1 0.74453125 0.325 0.0703125 0.0515625