1 0.1703125 0.25078125 0.0375 0.05390625
1 0.53203125 0.24453125 0.05 0.0390625
1 0.5359375 0.2265625 0.02890625 0.0359375
1 0.26640625 0.23828125 0.06015625 0.0546875
1 0.02734375 0.2625 0.05390625 0.07734375
1 0.19375 0.25234375 0.028125 0.0484375
3 0.1109375 0.24453125 0.08984375 0.07890625
3 0.02734375 0.26484375 0.05390625 0.07734375
1 0.35 0.2453125 0.0265625 0.025
1 0.08515625 0.246875 0.0625 0.03828125
1 0.384375 0.23203125 0.01640625 0.02421875
1 0.46796875 0.2328125 0.021875 0.01953125
1 0.396875 0.2375 0.01171875 0.025
1 0.21484375 0.23984375 0.04296875 0.05