1 0.56484375 0.36875 0.09765625 0.0671875
1 0.503125 0.378125 0.08203125 0.0875
1 0.4609375 0.3828125 0.08046875 0.10546875
1 0.3484375 0.3796875 0.17421875 0.1046875
1 0.040625 0.4046875 0.08125 0.13671875
1 0.18046875 0.39140625 0.19296875 0.1515625
1 0.8640625 0.34765625 0.06171875 0.05703125
1 0.1546875 0.3125 0.06171875 0.02578125
1 0.96796875 0.34765625 0.0609375 0.12890625
1 0.72421875 0.365625 0.06875 0.06484375
1 0.91484375 0.35390625 0.0625 0.0515625
1 0.83125 0.33671875 0.08359375 0.0625
3 0.92421875 0.3515625 0.0421875 0.05859375
3 0.61796875 0.3625 0.14140625 0.09609375
1 0.3953125 0.346875 0.790625 0.15