1 0.771875 0.7140625 0.32734375 0.296875
1 0.659375 0.5859375 0.2046875 0.1546875
2 0.534375 0.81484375 0.1953125 0.33515625
2 0.3984375 0.7171875 0.05703125 0.140625
2 0.33203125 0.71015625 0.06328125 0.1515625
2 0.278125 0.68359375 0.04765625 0.11953125
2 0.2046875 0.590625 0.03125 0.0625
1 0.04375 0.52265625 0.02890625 0.03125
1 0.14453125 0.52109375 0.0375 0.028125
1 0.57578125 0.5109375 0.2375 0.11171875
1 0.4140625 0.54765625 0.0328125 0.046875
1 0.0140625 0.53203125 0.02109375 0.03125
2 0.2328125 0.60859375 0.015625 0.059375
2 0.1828125 0.5578125 0.00625 0.01796875
3 0.57734375 0.51171875 0.240625 0.10546875
1 0.0984375 0.521875 0.025 0.02421875
1 0.115625 0.51796875 0.0203125 0.0125
2 0.3640625 0.65859375 0.02265625 0.059375