1 0.4703125 0.68359375 0.07265625 0.084375
1 0.96875 0.8015625 0.05703125 0.21015625
1 0.2484375 0.65625 0.04765625 0.07109375
1 0.0796875 0.80703125 0.159375 0.38046875
1 0.13515625 0.6890625 0.0921875 0.1203125
3 0.65859375 0.6890625 0.084375 0.125
1 0.596875 0.70390625 0.1109375 0.12265625
1 0.79765625 0.70859375 0.1375 0.159375
1 0.321875 0.6625 0.04375 0.05703125
1 0.29375 0.64921875 0.03125 0.059375
1 0.14765625 0.8140625 0.07734375 0.234375
1 0.72421875 0.6890625 0.05703125 0.10859375
1 0.353125 0.62734375 0.01640625 0.02578125
1 0.42734375 0.6671875 0.053125 0.08046875
1 0.40078125 0.67109375 0.5921875 0.175