1 0.2171875 0.94296875 0.06484375 0.07734375
1 0.26484375 0.92421875 0.04453125 0.05390625
1 0.52265625 0.94375 0.075 0.10390625
1 0.4890625 0.87109375 0.028125 0.0328125
1 0.16875 0.94296875 0.04453125 0.06328125
1 0.79375 0.7625 0.4078125 0.46953125
1 0.29921875 0.878125 0.03046875 0.03515625
1 0.2796875 0.88984375 0.04609375 0.0359375
1 0.4015625 0.8921875 0.05546875 0.03046875
1 0.5109375 0.90390625 0.05625 0.04140625
3 0.38984375 0.8453125 0.025 0.0328125
3 0.2171875 0.9421875 0.06640625 0.078125
1 0.14140625 0.92109375 0.0296875 0.02109375
3 0.3828125 0.9484375 0.09765625 0.0984375