2 0.259375 0.59765625 0.3609375 0.3234375
2 0.7296875 0.59296875 0.4484375 0.4
0 0.8328125 0.08984375 0.15234375 0.10546875
1 0.79921875 0.215625 0.11640625 0.06796875
1 0.61796875 0.24140625 0.0859375 0.071875
1 0.51015625 0.2546875 0.0703125 0.0625
1 0.90234375 0.2015625 0.07265625 0.0375
1 0.7671875 0.21015625 0.08125 0.07578125
3 0.20546875 0.28671875 0.34296875 0.1890625
1 0.67734375 0.2 0.09609375 0.05625
0 0.95078125 0.14296875 0.0953125 0.14375
1 0.5265625 0.21640625 0.04140625 0.01640625
1 0.49296875 0.21640625 0.0328125 0.01953125