1 0.16796875 0.390625 0.09609375 0.03046875
1 0.52109375 0.40078125 0.0484375 0.0234375
1 0.27734375 0.4046875 0.05546875 0.025
1 0.37578125 0.39921875 0.05546875 0.02265625
1 0.46484375 0.39765625 0.03203125 0.01328125
1 0.48828125 0.40234375 0.0171875 0.0203125
1 0.2234375 0.3984375 0.05234375 0.02890625
1 0.2921875 0.3953125 0.06328125 0.01796875
1 0.41640625 0.40859375 0.0578125 0.0375
1 0.71875 0.40234375 0.025 0.01953125
1 0.07109375 0.37890625 0.02578125 0.0109375
0 0.15546875 0.39609375 0.071875 0.03828125
1 0.3421875 0.39609375 0.03515625 0.0234375