1 0.27109375 0.128125 0.11484375 0.08515625
1 0.9328125 0.11875 0.05703125 0.01015625
1 0.725 0.11640625 0.07109375 0.03203125
1 0.2015625 0.1078125 0.09609375 0.0640625
1 0.384375 0.11875 0.05625 0.04296875
1 0.9703125 0.15390625 0.05625 0.05390625
1 0.49765625 0.1234375 0.08359375 0.04921875
1 0.625 0.13515625 0.19375 0.08203125
1 0.778125 0.13515625 0.1359375 0.06484375
1 0.93046875 0.1140625 0.0734375 0.0203125
3 0.0515625 0.08203125 0.103125 0.1234375
1 0.90625 0.1296875 0.0546875 0.0609375