1 0.1390625 0.4359375 0.10859375 0.0703125
1 0.2421875 0.4421875 0.09140625 0.05390625
1 0.6140625 0.4265625 0.0734375 0.0453125
1 0.95625 0.428125 0.084375 0.0625
1 0.903125 0.421875 0.0515625 0.04609375
1 0.30234375 0.425 0.0375 0.046875
1 0.72421875 0.43203125 0.1125 0.06875
1 0.84765625 0.4328125 0.109375 0.0625
1 0.35859375 0.43984375 0.09453125 0.05234375
1 0.51953125 0.4109375 0.06484375 0.0265625
1 0.5140625 0.4359375 0.19453125 0.0609375
1 0.771875 0.4234375 0.0390625 0.03828125
1 0.52421875 0.403125 0.9484375 0.121875