1 0.0359375 0.5109375 0.071875 0.396875
1 0.08515625 0.55 0.09609375 0.328125
1 0.328125 0.5828125 0.140625 0.1234375
1 0.12265625 0.55234375 0.15078125 0.3203125
1 0.29453125 0.6375 0.09921875 0.14609375
1 0.9390625 0.6125 0.11875 0.253125
1 0.884375 0.62734375 0.06875 0.20703125
1 0.8265625 0.64765625 0.096875 0.1609375
1 0.7890625 0.6390625 0.14375 0.1484375
1 0.6265625 0.56015625 0.121875 0.10234375
1 0.67109375 0.609375 0.121875 0.13515625
1 0.20546875 0.5703125 0.1265625 0.28046875
1 0.3109375 0.5265625 0.0859375 0.0390625
1 0.77109375 0.60546875 0.4546875 0.2609375