1 0.81171875 0.5578125 0.25078125 0.36171875
1 0.58203125 0.38046875 0.19296875 0.2171875
1 0.20546875 0.371875 0.09765625 0.2109375
1 0.759375 0.47890625 0.21171875 0.35859375
1 0.73359375 0.428125 0.20390625 0.34375
1 0.23828125 0.2890625 0.115625 0.17265625
1 0.25703125 0.18671875 0.06328125 0.08828125
1 0.29765625 0.165625 0.0765625 0.084375
1 0.640625 0.23515625 0.1390625 0.06640625
0 0.08046875 0.38203125 0.1609375 0.7609375
3 0.45625 0.2765625 0.16328125 0.33671875
3 0.40703125 0.1734375 0.1171875 0.1953125
1 0.21796875 0.17421875 0.0734375 0.08046875
3 0.5984375 0.209375 0.1 0.10078125