1 0.80703125 0.68125 0.0796875 0.04296875
1 0.15859375 0.68671875 0.11328125 0.05
1 0.2265625 0.6890625 0.08515625 0.0359375
1 0.43203125 0.69296875 0.07421875 0.046875
1 0.6140625 0.68359375 0.03046875 0.0375
3 0.64296875 0.675 0.0890625 0.04296875
3 0.54453125 0.67109375 0.11171875 0.075
1 0.69609375 0.6765625 0.08828125 0.05703125
3 0.353125 0.69296875 0.1171875 0.06171875
1 0.8703125 0.684375 0.08203125 0.046875
1 0.7546875 0.68359375 0.06640625 0.04140625
1 0.965625 0.6796875 0.065625 0.040625
1 0.29609375 0.684375 0.075 0.04375
1 0.109375 0.696875 0.08359375 0.04296875
1 0.35390625 0.6921875 0.11484375 0.059375
1 0.48671875 0.6921875 0.05390625 0.04609375
1 0.4828125 0.69375 0.09375 0.07734375