1 0.9359375 0.37734375 0.12421875 0.22109375
2 0.49921875 0.7796875 0.99765625 0.41875
2 0.51796875 0.6203125 0.96015625 0.64765625
2 0.50078125 0.46640625 0.43671875 0.15859375
2 0.4953125 0.3609375 0.3421875 0.18671875
1 0.47109375 0.30390625 0.05078125 0.0421875
2 0.4859375 0.4859375 0.55234375 0.28515625
2 0.4890625 0.3484375 0.16171875 0.0828125
2 0.46953125 0.31796875 0.05078125 0.0515625
2 0.43515625 0.38515625 0.16015625 0.0578125
2 0.46484375 0.33671875 0.06015625 0.028125
2 0.45703125 0.32890625 0.0109375 0.01328125