1 0.91875 0.80625 0.09453125 0.11875
1 0.53203125 0.76640625 0.04765625 0.09765625
1 0.846875 0.8140625 0.0375 0.06796875
1 0.07734375 0.72265625 0.1546875 0.2078125
0 0.68515625 0.6859375 0.27265625 0.36484375
3 0.3125 0.6265625 0.38515625 0.49453125
1 0.8578125 0.66328125 0.01328125 0.01875
1 0.83046875 0.6703125 0.0171875 0.02265625
1 0.87734375 0.803125 0.0203125 0.08515625
1 0.82734375 0.71328125 0.0125 0.04609375
1 0.83828125 0.64375 0.01171875 0.0203125
1 0.859375 0.65078125 0.0140625 0.01796875
0 0.51875 0.746875 0.0484375 0.1265625