1 0.6140625 0.67890625 0.09609375 0.07421875
1 0.75703125 0.63125 0.02265625 0.08359375
1 0.825 0.575 0.0328125 0.03984375
1 0.5171875 0.675 0.06328125 0.0453125
1 0.03125 0.7234375 0.0609375 0.06640625
1 0.20625 0.703125 0.0609375 0.0578125
1 0.85234375 0.63671875 0.046875 0.06328125
1 0.73828125 0.56484375 0.0359375 0.0453125
1 0.68828125 0.67734375 0.03515625 0.05078125
1 0.5546875 0.67890625 0.04921875 0.05625
1 0.07578125 0.7265625 0.02421875 0.04140625
1 0.509375 0.6953125 0.07578125 0.05625
3 0.73828125 0.5640625 0.03125 0.059375
3 0.7578125 0.62890625 0.021875 0.078125