2 0.4984375 0.578125 0.115625 0.1125
2 0.4234375 0.5671875 0.12890625 0.16875
2 0.34921875 0.58515625 0.103125 0.14453125
2 0.27890625 0.5828125 0.1296875 0.1796875
2 0.18125 0.57578125 0.08671875 0.18359375
2 0.1046875 0.60078125 0.20859375 0.19921875
2 0.73359375 0.5296875 0.0421875 0.0765625
2 0.6328125 0.51171875 0.05078125 0.07421875
2 0.6671875 0.53203125 0.05625 0.078125
2 0.5734375 0.54609375 0.10859375 0.11953125
2 0.62265625 0.5359375 0.08046875 0.13359375
2 0.6984375 0.53203125 0.0453125 0.0796875