1 0.90625 0.3015625 0.184375 0.18046875
1 0.06640625 0.4046875 0.11015625 0.10703125
1 0.6640625 0.3046875 0.02890625 0.0546875
2 0.4765625 0.60546875 0.2796875 0.24921875
3 0.51796875 0.27109375 0.2828125 0.48125
3 0.32578125 0.34140625 0.1484375 0.275
3 0.1984375 0.3546875 0.04296875 0.05078125
3 0.75234375 0.28125 0.12734375 0.10390625
1 0.69765625 0.28203125 0.0515625 0.0625
1 0.16953125 0.3578125 0.01484375 0.0375
1 0.16171875 0.35078125 0.01328125 0.02421875
1 0.14921875 0.35390625 0.01015625 0.0140625