1 0.596875 0.62109375 0.07265625 0.0421875
1 0.66328125 0.615625 0.05078125 0.0453125
1 0.83828125 0.61015625 0.06015625 0.040625
2 0.771875 0.67734375 0.03828125 0.07109375
2 0.7515625 0.6578125 0.01953125 0.0484375
2 0.87109375 0.74296875 0.0890625 0.22265625
2 0.24375 0.81875 0.2109375 0.19453125
2 0.33671875 0.7046875 0.1 0.090625
2 0.15625 0.67109375 0.0796875 0.059375
2 0.659375 0.634375 0.0421875 0.02421875
2 0.57734375 0.634375 0.040625 0.0296875
2 0.925 0.65546875 0.04609375 0.04765625
2 0.0234375 0.671875 0.01484375 0.0453125
2 0.96796875 0.61875 0.0203125 0.028125
2 0.54375 0.63359375 0.03671875 0.03203125
2 0.5125 0.628125 0.01328125 0.0296875
2 0.49921875 0.64296875 0.9984375 0.0921875