2 0.12578125 0.81640625 0.1109375 0.3609375
0 0.93359375 0.58203125 0.1296875 0.3609375
0 0.8640625 0.578125 0.15 0.33671875
0 0.7921875 0.53515625 0.24921875 0.259375
0 0.7515625 0.51015625 0.24453125 0.22734375
0 0.6421875 0.5125 0.0578125 0.19453125
2 0.35546875 0.76875 0.05546875 0.1609375
2 0.2234375 0.8625 0.128125 0.26953125
0 0.60625 0.521875 0.0640625 0.184375
0 0.5796875 0.515625 0.0390625 0.14609375
0 0.3796875 0.509375 0.04609375 0.0734375
0 0.56953125 0.5140625 0.03515625 0.1453125
0 0.553125 0.50390625 0.04453125 0.1140625
2 0.55546875 0.59140625 0.00859375 0.02265625
0 0.52421875 0.49765625 0.05546875 0.08359375
0 0.42734375 0.52265625 0.0625 0.075
0 0.48046875 0.52890625 0.05703125 0.07578125