1 0.571875 0.72265625 0.1859375 0.2125
1 0.83125 0.690625 0.0453125 0.0578125
1 0.334375 0.67578125 0.0546875 0.03984375
1 0.296875 0.67890625 0.04140625 0.0328125
1 0.4109375 0.678125 0.0375 0.02109375
0 0.73515625 0.6578125 0.034375 0.0421875
3 0.865625 0.67734375 0.0328125 0.0515625
3 0.6375 0.6578125 0.03359375 0.04375
1 0.7078125 0.68515625 0.0421875 0.0515625
1 0.75859375 0.66875 0.0171875 0.01171875
1 0.459375 0.675 0.040625 0.02578125
1 0.19375 0.6765625 0.0375 0.034375
1 0.86640625 0.68671875 0.0296875 0.0328125
1 0.66796875 0.671875 0.02421875 0.01171875
3 0.0984375 0.7125 0.196875 0.19609375
1 0.4796875 0.67890625 0.0203125 0.02265625
3 0.80859375 0.6765625 0.02421875 0.0375
1 0.459375 0.70859375 0.91875 0.19453125