1 0.27578125 0.2515625 0.0953125 0.03203125
1 0.7015625 0.209375 0.03984375 0.01640625
1 0.68671875 0.2296875 0.040625 0.028125
1 0.27578125 0.67421875 0.546875 0.6296875
1 0.4640625 0.4390625 0.3125 0.2984375
1 0.6109375 0.35859375 0.09609375 0.14375
1 0.5171875 0.25 0.06640625 0.0515625
1 0.09921875 0.33828125 0.196875 0.0984375
1 0.5734375 0.221875 0.03984375 0.03515625
1 0.609375 0.3125 0.1390625 0.1171875
1 0.66953125 0.27265625 0.06875 0.06953125
1 0.59140625 0.21171875 0.04296875 0.0375
1 0.3703125 0.296875 0.12109375 0.0859375
1 0.50703125 0.259375 0.9828125 0.146875