1 0.659375 0.6734375 0.10546875 0.13984375
1 0.59609375 0.50078125 0.03828125 0.046875
1 0.1484375 0.86171875 0.296875 0.27265625
1 0.5640625 0.4984375 0.028125 0.03828125
0 0.4171875 0.53515625 0.12890625 0.1796875
3 0.1484375 0.6109375 0.16015625 0.21640625
1 0.2578125 0.61953125 0.0734375 0.09921875
2 0.28984375 0.696875 0.03125 0.0859375
3 0.60390625 0.44921875 0.03046875 0.05859375
3 0.5671875 0.45390625 0.03359375 0.07109375
1 0.540625 0.4453125 0.01875 0.02578125
1 0.51875 0.440625 0.01796875 0.021875
2 0.5046875 0.61328125 0.02578125 0.06953125
2 0.5984375 0.6234375 0.078125 0.06796875
2 0.5921875 0.57734375 0.0875 0.06484375