1 0.753125 0.7609375 0.0671875 0.06015625
1 0.67890625 0.76640625 0.04609375 0.05078125
1 0.60234375 0.7640625 0.08125 0.07265625
1 0.54296875 0.77109375 0.0578125 0.05234375
1 0.78203125 0.7546875 0.053125 0.0671875
1 0.8171875 0.75625 0.028125 0.05234375
1 0.8421875 0.75703125 0.0265625 0.0390625
1 0.98046875 0.89453125 0.0359375 0.20625
1 0.91328125 0.75 0.02265625 0.0203125
1 0.7125 0.75625 0.0453125 0.0546875
1 0.859375 0.7515625 0.03359375 0.03828125
1 0.89765625 0.75078125 0.01875 0.028125