1 0.50703125 0.81328125 0.15859375 0.19375
1 0.73828125 0.80234375 0.14609375 0.20625
1 0.59375 0.6125 0.1125 0.1421875
1 0.7578125 0.66875 0.10703125 0.1140625
1 0.2359375 0.8796875 0.2 0.21640625
1 0.41875 0.60078125 0.13515625 0.1546875
1 0.49765625 0.53828125 0.10390625 0.15234375
2 0.60234375 0.95625 0.0671875 0.084375
0 0.2109375 0.60703125 0.328125 0.409375
0 0.43359375 0.31484375 0.13046875 0.1640625
1 0.05546875 0.8828125 0.1109375 0.2296875
1 0.765625 0.57421875 0.08046875 0.075
1 0.5921875 0.71015625 0.1328125 0.16875
0 0.54296875 0.22890625 0.075 0.103125
3 0.3734375 0.7328125 0.17734375 0.21796875
1 0.6890625 0.41875 0.075 0.084375
2 0.8734375 0.325 0.015625 0.03359375
2 0.8625 0.56640625 0.028125 0.046875
2 0.81328125 0.62734375 0.05625 0.0828125