1 0.04453125 0.42890625 0.08359375 0.05234375
1 0.01171875 0.425 0.0234375 0.05078125
0 0.92265625 0.53828125 0.1515625 0.3375
0 0.79453125 0.55625 0.13359375 0.209375
0 0.72890625 0.54765625 0.2546875 0.26015625
0 0.61640625 0.48125 0.28671875 0.171875
0 0.55546875 0.46171875 0.26875 0.1640625
0 0.46640625 0.453125 0.2640625 0.14609375
0 0.31328125 0.4296875 0.19453125 0.16953125
0 0.253125 0.42890625 0.13671875 0.13984375
0 0.590625 0.49296875 0.084375 0.14609375
0 0.14921875 0.43984375 0.10078125 0.140625
0 0.865625 0.36875 0.265625 0.09609375
0 0.12890625 0.4296875 0.09453125 0.11171875