3 0.30078125 0.740625 0.12578125 0.09609375
3 0.4375 0.73359375 0.1140625 0.08125
1 0.525 0.7390625 0.06875 0.04609375
1 0.37109375 0.74765625 0.1265625 0.08984375
1 0.634375 0.73359375 0.05625 0.03828125
1 0.11328125 0.76796875 0.18515625 0.08515625
1 0.8546875 0.71796875 0.03671875 0.02890625
3 0.809375 0.70859375 0.0375 0.0515625
1 0.57734375 0.73671875 0.0609375 0.03984375
1 0.69609375 0.73359375 0.04453125 0.02890625
1 0.77265625 0.72265625 0.02421875 0.0234375
1 0.78359375 0.72265625 0.01875 0.02421875
1 0.82890625 0.721875 0.0296875 0.0296875