1 0.565625 0.45 0.33046875 0.16953125
1 0.896875 0.403125 0.115625 0.084375
1 0.7703125 0.39453125 0.13984375 0.109375
1 0.44375 0.3578125 0.10078125 0.03203125
1 0.5171875 0.359375 0.046875 0.04140625
2 0.371875 0.584375 0.534375 0.38046875
2 0.8703125 0.4828125 0.10859375 0.20625
1 0.2828125 0.41875 0.22265625 0.13515625
1 0.66015625 0.3765625 0.1046875 0.075
2 0.6796875 0.5515625 0.23671875 0.15546875
2 0.7765625 0.48203125 0.09609375 0.10703125
1 0.4046875 0.4421875 0.178125 0.140625
1 0.95859375 0.38359375 0.08203125 0.10390625
1 0.88828125 0.35234375 0.046875 0.01875
1 0.16796875 0.384375 0.2078125 0.08125
1 0.578125 0.35703125 0.1015625 0.0390625
1 0.171875 0.4171875 0.18671875 0.09921875
3 0.34453125 0.3203125 0.12421875 0.08125
1 0.4671875 0.22734375 0.93125 0.41640625