1 0.740625 0.39453125 0.14296875 0.140625
1 0.86640625 0.3828125 0.15703125 0.1328125
1 0.3578125 0.4 0.0421875 0.04375
1 0.54140625 0.38828125 0.0390625 0.04765625
1 0.20703125 0.4046875 0.05859375 0.046875
1 0.5828125 0.3875 0.04140625 0.04609375
1 0.31328125 0.39453125 0.0484375 0.05703125
1 0.453125 0.39296875 0.03515625 0.04140625
1 0.3984375 0.3953125 0.0140625 0.040625
1 0.51484375 0.38984375 0.02109375 0.03828125
1 0.10546875 0.41171875 0.03359375 0.028125
1 0.38359375 0.3953125 0.0203125 0.03125
1 0.28203125 0.39921875 0.01796875 0.01640625
1 0.5578125 0.23828125 0.88125 0.4484375