1 0.14453125 0.85390625 0.2890625 0.28828125
1 0.5484375 0.77265625 0.034375 0.05859375
1 0.38828125 0.76640625 0.0359375 0.04140625
1 0.203125 0.75078125 0.025 0.028125
1 0.3296875 0.71875 0.01796875 0.02890625
2 0.4546875 0.77578125 0.0125 0.03671875
0 0.753125 0.721875 0.37734375 0.334375
3 0.27265625 0.75625 0.103125 0.1703125
1 0.20234375 0.72109375 0.02734375 0.02890625
3 0.0546875 0.740625 0.09140625 0.0828125
1 0.11640625 0.76796875 0.04609375 0.071875
1 0.9625 0.88984375 0.071875 0.215625
1 0.54453125 0.76484375 0.0421875 0.0609375
3 0.17265625 0.76953125 0.05078125 0.08046875
1 0.55859375 0.7796875 0.015625 0.05859375