1 0.5703125 0.5703125 0.23359375 0.10625
1 0.3140625 0.50390625 0.09140625 0.06015625
1 0.375 0.50234375 0.084375 0.0484375
1 0.60859375 0.5265625 0.16796875 0.08515625
1 0.3984375 0.490625 0.103125 0.05703125
1 0.66015625 0.48671875 0.0671875 0.0390625
1 0.0328125 0.496875 0.0640625 0.0515625
1 0.09609375 0.48671875 0.11875 0.06171875
1 0.45859375 0.49140625 0.0375 0.040625
1 0.48984375 0.49296875 0.0453125 0.028125
1 0.5140625 0.48984375 0.0359375 0.025
3 0.21796875 0.50234375 0.18515625 0.08828125