1 0.9046875 0.36171875 0.08984375 0.09765625
1 0.48671875 0.2609375 0.103125 0.059375
1 0.44765625 0.7703125 0.19375 0.18515625
1 0.5015625 0.63984375 0.20390625 0.14375
1 0.8625 0.28515625 0.10078125 0.0390625
1 0.96015625 0.2984375 0.0765625 0.0390625
3 0.8578125 0.55234375 0.1859375 0.20078125
1 0.8578125 0.54375 0.20078125 0.20078125
1 0.709375 0.3671875 0.10234375 0.10859375
1 0.79453125 0.27734375 0.06328125 0.034375
1 0.709375 0.2796875 0.096875 0.05390625
3 0.759375 0.42421875 0.11484375 0.16875
1 0.271875 0.22109375 0.078125 0.02734375
1 0.98125 0.32890625 0.034375 0.0296875