1 0.52578125 0.94453125 0.06015625 0.1046875
1 0.67890625 0.940625 0.09609375 0.11015625
1 0.41875 0.9390625 0.04609375 0.11640625
1 0.5140625 0.925 0.084375 0.14296875
1 0.46328125 0.9265625 0.034375 0.1125
1 0.5 0.81640625 0.03359375 0.0359375
0 0.96328125 0.8671875 0.0703125 0.1703125
0 0.43515625 0.82890625 0.0375 0.059375
1 0.48515625 0.80078125 0.028125 0.02890625
1 0.440625 0.903125 0.0390625 0.06953125
1 0.42265625 0.85546875 0.0234375 0.01875
1 0.45859375 0.85390625 0.0375 0.0203125
1 0.44453125 0.92734375 0.02109375 0.078125
1 0.53359375 0.83046875 0.02578125 0.025
3 0.6578125 0.8609375 0.05625 0.0765625