1 0.40390625 0.46796875 0.15859375 0.1265625
1 0.51875 0.46640625 0.0765625 0.06015625
1 0.24375 0.48515625 0.15078125 0.13984375
1 0.55546875 0.45546875 0.02265625 0.03671875
1 0.64921875 0.46015625 0.028125 0.03671875
1 0.79609375 0.45234375 0.015625 0.015625
2 0.17265625 0.5734375 0.17265625 0.240625
2 0.6203125 0.4875 0.0390625 0.090625
2 0.56640625 0.4828125 0.0375 0.08515625
2 0.6921875 0.47265625 0.0203125 0.05
1 0.725 0.44765625 0.01484375 0.01875
1 0.8234375 0.4484375 0.0203125 0.0140625
2 0.7140625 0.4625 0.01171875 0.02421875
2 0.75703125 0.46484375 0.01015625 0.02109375
2 0.7390625 0.46484375 0.0109375 0.025
3 0.40625 0.46875 0.16484375 0.13359375
1 0.74453125 0.4421875 0.009375 0.01171875
1 0.7875 0.44453125 0.01015625 0.02109375