3 0.36171875 0.7734375 0.24375 0.1546875
1 0.8328125 0.88203125 0.30703125 0.1859375
1 0.5484375 0.7859375 0.14140625 0.075
1 0.4890625 0.90390625 0.40078125 0.16796875
1 0.17109375 0.79609375 0.159375 0.078125
1 0.88203125 0.765625 0.16796875 0.05703125
1 0.68125 0.77890625 0.1484375 0.0703125
1 0.5640625 0.73984375 0.078125 0.025
1 0.0390625 0.80625 0.05703125 0.06484375
1 0.9359375 0.72734375 0.06953125 0.0296875
1 0.1515625 0.7359375 0.04296875 0.0203125
1 0.28046875 0.73515625 0.05 0.02265625
1 0.6734375 0.73046875 0.0328125 0.0140625