3 0.63984375 0.7796875 0.40078125 0.38671875
3 0.2171875 0.59453125 0.41796875 0.2890625
3 0.603125 0.38984375 0.22265625 0.10546875
3 0.23515625 0.4140625 0.284375 0.1265625
3 0.90859375 0.703125 0.18203125 0.3234375
3 0.7078125 0.434375 0.27265625 0.125
1 0.48515625 0.34296875 0.18515625 0.10234375
1 0.075 0.33828125 0.14609375 0.1109375
1 0.26328125 0.2765625 0.10390625 0.06640625
1 0.3515625 0.31015625 0.14453125 0.06640625
1 0.103125 0.3859375 0.19609375 0.12265625
1 0.3234375 0.28203125 0.1265625 0.07890625
3 0.3296875 0.20234375 0.065625 0.06640625
3 0.3640625 0.33515625 0.14140625 0.084375