1 0.93671875 0.6234375 0.06328125 0.09375
1 0.89375 0.63671875 0.06015625 0.08359375
1 0.525 0.32421875 0.06953125 0.0765625
2 0.28671875 0.5109375 0.04453125 0.04375
0 0.80078125 0.29375 0.10234375 0.1671875
2 0.35546875 0.4015625 0.040625 0.0546875
2 0.803125 0.565625 0.04765625 0.05546875
2 0.7796875 0.54296875 0.03671875 0.0453125
2 0.7328125 0.4765625 0.040625 0.04296875
2 0.1625 0.71015625 0.0453125 0.0609375
2 0.18515625 0.65390625 0.05 0.065625
2 0.5578125 0.55546875 0.02265625 0.04609375
2 0.62265625 0.47734375 0.0234375 0.059375
2 0.76328125 0.5140625 0.04140625 0.05390625
2 0.5421875 0.50078125 0.025 0.04140625
2 0.3828125 0.5453125 0.01796875 0.05
3 0.94296875 0.69609375 0.04140625 0.0609375
2 0.36171875 0.50625 0.015625 0.0578125
2 0.534375 0.6046875 0.928125 0.51640625