1 0.75234375 0.52578125 0.04375 0.03359375
1 0.8359375 0.53828125 0.03828125 0.028125
1 0.70078125 0.52109375 0.03671875 0.0203125
1 0.9375 0.56015625 0.0421875 0.03359375
1 0.7953125 0.5390625 0.03671875 0.02578125
1 0.953125 0.51484375 0.02578125 0.0125
3 0.53984375 0.4640625 0.0375 0.02421875
3 0.58515625 0.47109375 0.03828125 0.01640625
1 0.98125 0.5734375 0.034375 0.03125
1 0.7671875 0.53125 0.0375 0.0296875
1 0.61796875 0.4765625 0.025 0.01015625
1 0.58828125 0.471875 0.03046875 0.01796875
1 0.56015625 0.47109375 0.03046875 0.01171875
1 0.79609375 0.521875 0.0296875 0.01484375
1 0.734375 0.5234375 0.0296875 0.02734375