0 0.51640625 0.7921875 0.3421875 0.1546875
1 0.0765625 0.86640625 0.1515625 0.18828125
3 0.07890625 0.85703125 0.1484375 0.184375
3 0.94375 0.8171875 0.03046875 0.04453125
3 0.77734375 0.80859375 0.05 0.04609375
1 0.72890625 0.8125 0.05 0.04140625
1 0.88203125 0.81015625 0.09609375 0.0859375
1 0.8171875 0.8140625 0.03671875 0.04296875
1 0.1578125 0.87265625 0.03203125 0.11796875
1 0.99296875 0.8421875 0.0109375 0.040625
1 0.9921875 0.81953125 0.0125 0.0296875
1 0.9796875 0.81015625 0.0375 0.025
1 0.7046875 0.80703125 0.0359375 0.03828125
1 0.79921875 0.81171875 0.02109375 0.03125