1 0.1046875 0.671875 0.1375 0.07421875
1 0.0359375 0.68671875 0.071875 0.075
0 0.6140625 0.5921875 0.0296875 0.1078125
1 0.3703125 0.61796875 0.0671875 0.0703125
1 0.8140625 0.5859375 0.040625 0.04140625
1 0.87265625 0.57421875 0.015625 0.04296875
1 0.778125 0.57265625 0.0125 0.0125
1 0.0234375 0.64140625 0.046875 0.0484375
1 0.1703125 0.6375 0.01640625 0.04609375
0 0.7171875 0.584375 0.11171875 0.11015625
1 0.090625 0.6296875 0.05078125 0.02890625
1 0.475 0.6140625 0.04375 0.0453125
1 0.98671875 0.56484375 0.0234375 0.03984375