1 0.41640625 0.76640625 0.09453125 0.1609375
1 0.46484375 0.4859375 0.04375 0.06015625
1 0.790625 0.50078125 0.0734375 0.071875
1 0.91796875 0.76328125 0.1609375 0.25703125
1 0.5234375 0.37421875 0.025 0.028125
1 0.89453125 0.57890625 0.11640625 0.1234375
1 0.5609375 0.34609375 0.01015625 0.0171875
1 0.74375 0.45859375 0.0484375 0.06484375
1 0.93828125 0.4359375 0.04375 0.07421875
1 0.66640625 0.43125 0.0375 0.04375
1 0.4859375 0.42578125 0.0265625 0.03828125
2 0.65 0.40859375 0.0109375 0.0234375
0 0.59453125 0.32265625 0.02890625 0.03984375
0 0.56640625 0.3140625 0.03359375 0.03359375
3 0.6953125 0.38046875 0.0375 0.06796875
1 0.50390625 0.39453125 0.021875 0.03359375
2 0.65 0.36484375 0.009375 0.02265625
2 0.6375 0.38046875 0.0109375 0.0203125
3 0.59765625 0.59609375 0.1171875 0.175
3 0.79765625 0.60625 0.1203125 0.13359375
3 0.07109375 0.62109375 0.14140625 0.1265625
1 0.540625 0.3625 0.01953125 0.02109375
1 0.5 0.56875 0.996875 0.57578125