0 0.71015625 0.8765625 0.059375 0.040625
1 0.56484375 0.95078125 0.02734375 0.01640625
1 0.5078125 0.96875 0.02578125 0.01640625
1 0.48125 0.97890625 0.025 0.0171875
1 0.44296875 0.98671875 0.02421875 0.01796875
1 0.765625 0.88515625 0.021875 0.01484375
1 0.59609375 0.94140625 0.02734375 0.01796875
1 0.72265625 0.89921875 0.02265625 0.0109375
1 0.67421875 0.91328125 0.02109375 0.015625
1 0.6515625 0.92421875 0.0203125 0.015625
1 0.625 0.93203125 0.02578125 0.01875
1 0.5375 0.96171875 0.028125 0.015625
1 0.4078125 0.99453125 0.03984375 0.00546875
1 0.69609375 0.90859375 0.0203125 0.01796875
0 0.9171875 0.82578125 0.03984375 0.02734375
0 0.903125 0.81328125 0.0359375 0.03203125
1 0.7078125 0.89140625 0.09609375 0.0296875