1 0.53828125 0.9078125 0.02109375 0.01796875
1 0.56328125 0.91171875 0.0234375 0.01171875
1 0.58984375 0.91328125 0.0296875 0.015625
1 0.24921875 0.88125 0.02421875 0.025
1 0.64765625 0.91484375 0.0234375 0.0125
1 0.621875 0.91640625 0.021875 0.0125
1 0.47890625 0.9046875 0.01796875 0.0125
1 0.36484375 0.89453125 0.0171875 0.0109375
1 0.503125 0.90703125 0.02109375 0.01328125
1 0.31796875 0.89140625 0.01953125 0.0109375
1 0.2140625 0.884375 0.01328125 0.0078125
1 0.34140625 0.8953125 0.021875 0.0109375
1 0.07265625 0.865625 0.01328125 0.00625
1 0.509375 0.89921875 0.978125 0.0984375