2 0.54765625 0.47421875 0.56328125 0.62890625
2 0.82109375 0.30625 0.3546875 0.45390625
2 0.6265625 0.1640625 0.2375 0.1859375
2 0.08203125 0.27265625 0.10859375 0.2578125
2 0.29609375 0.20234375 0.08671875 0.2375
2 0.38515625 0.19609375 0.103125 0.09921875
2 0.42109375 0.1453125 0.10078125 0.13671875
2 0.75390625 0.12265625 0.06171875 0.14375
2 0.15546875 0.153125 0.03671875 0.08671875
2 0.33671875 0.13125 0.0421875 0.0640625
2 0.97265625 0.10078125 0.0515625 0.11015625
2 0.559375 0.11171875 0.103125 0.071875
2 0.47421875 0.15390625 0.0484375 0.08984375