0 0.5375 0.68046875 0.2828125 0.26796875
1 0.16484375 0.815625 0.1953125 0.15390625
1 0.18515625 0.6765625 0.1484375 0.1
1 0.2546875 0.65546875 0.10390625 0.0890625
1 0.34609375 0.646875 0.12734375 0.0953125
1 0.021875 0.771875 0.04375 0.090625
1 0.90078125 0.67265625 0.08125 0.1109375
1 0.665625 0.55546875 0.07109375 0.0578125
1 0.76640625 0.6046875 0.0984375 0.0921875
1 0.39296875 0.60078125 0.03515625 0.0390625
0 0.14140625 0.59453125 0.23125 0.14296875
0 0.26484375 0.47890625 0.17265625 0.04453125
1 0.790625 0.76015625 0.1546875 0.1875