1 0.43125 0.75 0.0390625 0.03359375
1 0.58203125 0.77265625 0.1234375 0.06953125
1 0.47890625 0.74765625 0.03515625 0.01953125
1 0.64765625 0.7734375 0.03984375 0.05625
1 0.6359375 0.740625 0.07109375 0.0296875
1 0.4390625 0.746875 0.0375 0.03046875
1 0.734375 0.7484375 0.025 0.025
1 0.0140625 0.771875 0.028125 0.06875
1 0.703125 0.75234375 0.034375 0.04765625
2 0.9375 0.80625 0.12265625 0.05546875
3 0.3671875 0.73828125 0.08984375 0.059375
3 0.06953125 0.765625 0.1171875 0.06171875
2 0.94609375 0.7765625 0.10390625 0.04375
1 0.7125 0.74765625 0.02421875 0.03359375
2 0.91640625 0.7734375 0.0953125 0.06015625
3 0.5265625 0.75078125 0.075 0.040625