0 0.7703125 0.7140625 0.27421875 0.2953125
0 0.7953125 0.56328125 0.396875 0.28515625
0 0.5140625 0.47890625 0.18984375 0.1984375
0 0.38125 0.4125 0.140625 0.2
1 0.4625 0.5796875 0.14140625 0.153125
1 0.15078125 0.56484375 0.08671875 0.125
1 0.3484375 0.51171875 0.09921875 0.10703125
1 0.24765625 0.4453125 0.04921875 0.059375
1 0.03359375 0.53359375 0.0671875 0.109375
1 0.0453125 0.4921875 0.05078125 0.0734375
1 0.1109375 0.40234375 0.03359375 0.0390625
1 0.1234375 0.4390625 0.04375 0.06015625
1 0.60390625 0.93046875 0.35234375 0.1328125
1 0.290625 0.7359375 0.18203125 0.225
1 0.26796875 0.596875 0.12578125 0.14140625
1 0.23359375 0.521875 0.0828125 0.109375
1 0.18828125 0.4140625 0.0390625 0.05078125
1 0.16875 0.41171875 0.30625 0.1765625