1 0.42265625 0.61484375 0.140625 0.11953125
1 0.1671875 0.63515625 0.19921875 0.22734375
1 0.04765625 0.6671875 0.09453125 0.2546875
1 0.60390625 0.59375 0.06484375 0.084375
1 0.640625 0.590625 0.0546875 0.07265625
3 0.48984375 0.590625 0.11953125 0.1453125
3 0.746875 0.56015625 0.13984375 0.15859375
1 0.56640625 0.6 0.05703125 0.084375
1 0.98515625 0.68671875 0.0265625 0.21875
1 0.91640625 0.59296875 0.021875 0.0234375
1 0.896875 0.57421875 0.0109375 0.0140625
1 0.8234375 0.58359375 0.03828125 0.04375
1 0.97109375 0.62578125 0.04609375 0.109375
3 0.16796875 0.63125 0.196875 0.2265625
1 0.9640625 0.59140625 0.040625 0.0375