1 0.3125 0.77578125 0.0484375 0.04921875
1 0.39765625 0.765625 0.02578125 0.028125
1 0.33203125 0.76328125 0.0359375 0.03359375
2 0.6875 0.8265625 0.0296875 0.078125
2 0.74375 0.88046875 0.04609375 0.10234375
2 0.0796875 0.928125 0.140625 0.13984375
1 0.34921875 0.759375 0.0265625 0.03828125
3 0.78359375 0.78515625 0.10625 0.16171875
2 0.26484375 0.8421875 0.04765625 0.07265625
1 0.67109375 0.784375 0.078125 0.06953125
1 0.09375 0.81015625 0.05 0.0453125
1 0.3703125 0.76328125 0.01875 0.03984375
2 0.3609375 0.8171875 0.04140625 0.0234375