1 0.2921875 0.27109375 0.58046875 0.3921875
1 0.57421875 0.22578125 0.17421875 0.1546875
1 0.75390625 0.2359375 0.18359375 0.10625
1 0.915625 0.25390625 0.165625 0.11953125
1 0.67890625 0.2046875 0.0390625 0.05078125
2 0.4609375 0.21328125 0.06953125 0.1171875
3 0.29453125 0.2859375 0.58359375 0.4328125
3 0.4546875 0.14453125 0.0171875 0.04921875
1 0.85625 0.209375 0.0421875 0.040625
1 0.15234375 0.240625 0.02890625 0.0546875
1 0.01015625 0.16640625 0.0203125 0.0453125
1 0.7984375 0.38984375 0.328125 0.26484375