1 0.84296875 0.25 0.14765625 0.09375
1 0.6015625 0.24453125 0.1515625 0.11875
1 0.7421875 0.25546875 0.1 0.09296875
1 0.346875 0.25 0.128125 0.0984375
3 0.64609375 0.18125 0.18125 0.02890625
3 0.709375 0.20625 0.1015625 0.03359375
1 0.9296875 0.24921875 0.1375 0.11484375
1 0.27421875 0.23828125 0.0421875 0.06953125
1 0.41015625 0.22109375 0.03671875 0.04296875
1 0.28046875 0.2125 0.046875 0.0234375
1 0.484375 0.25078125 0.128125 0.10234375
1 0.1328125 0.21015625 0.0375 0.05
3 0.82578125 0.1828125 0.125 0.0515625
1 0.7890625 0.2234375 0.06640625 0.03984375
3 0.0796875 0.2359375 0.13125 0.1390625
3 0.20625 0.24140625 0.12890625 0.11640625
1 0.5859375 0.1953125 0.603125 0.08203125