0 0.8234375 0.77421875 0.09765625 0.040625
0 0.68125 0.765625 0.05234375 0.02734375
1 0.72109375 0.78203125 0.0515625 0.0265625
1 0.64609375 0.78515625 0.053125 0.02578125
1 0.66328125 0.78125 0.03671875 0.02578125
3 0.1359375 0.78515625 0.0359375 0.0328125
1 0.528125 0.784375 0.0125 0.02421875
1 0.4765625 0.78671875 0.03828125 0.02265625
1 0.28671875 0.78671875 0.040625 0.02109375
1 0.32734375 0.7875 0.0234375 0.01796875
1 0.04296875 0.7875 0.03359375 0.0234375
1 0.2546875 0.7875 0.05078125 0.028125
1 0.30625 0.78359375 0.025 0.01875
1 0.209375 0.7890625 0.03125 0.02109375
1 0.17890625 0.78828125 0.0328125 0.02265625
3 0.3703125 0.77734375 0.0625 0.046875
1 0.5265625 0.7640625 0.94375 0.1328125