1 0.70390625 0.60546875 0.0375 0.04296875
2 0.3015625 0.809375 0.6 0.378125
2 0.509375 0.796875 0.209375 0.3796875
2 0.5640625 0.66640625 0.11875 0.13125
2 0.59453125 0.73515625 0.10546875 0.121875
2 0.62109375 0.61328125 0.01875 0.03828125
2 0.63984375 0.60546875 0.0203125 0.03515625
2 0.86484375 0.771875 0.153125 0.3
2 0.60234375 0.82421875 0.1296875 0.2734375
2 0.5921875 0.63984375 0.06328125 0.09296875
2 0.97421875 0.75859375 0.0484375 0.20859375
2 0.546875 0.59453125 0.01171875 0.0140625
2 0.6140625 0.61328125 0.0109375 0.01953125