1 0.50625 0.24375 0.19375 0.14375
0 0.46328125 0.12734375 0.12421875 0.08359375
1 0.56171875 0.17578125 0.0328125 0.0265625
1 0.5796875 0.175 0.0234375 0.02734375
1 0.59296875 0.17578125 0.0171875 0.02734375
1 0.50390625 0.16328125 0.04453125 0.0140625
3 0.23984375 0.434375 0.4765625 0.4890625
1 0.29375 0.3234375 0.3515625 0.278125
1 0.63125 0.18671875 0.0140625 0.02890625
1 0.26484375 0.17578125 0.0546875 0.02578125
1 0.62109375 0.17421875 0.0125 0.0171875
1 0.6109375 0.17421875 0.01484375 0.02109375
1 0.60234375 0.1734375 0.0078125 0.01953125