1 0.853125 0.2046875 0.0328125 0.04921875
1 0.97890625 0.20625 0.03828125 0.0578125
2 0.11875 0.67421875 0.23671875 0.6171875
2 0.23359375 0.59296875 0.2875 0.50234375
2 0.334375 0.5515625 0.18828125 0.39921875
2 0.48046875 0.3953125 0.11875 0.325
2 0.4796875 0.40234375 0.259375 0.2328125
2 0.6390625 0.30546875 0.08984375 0.16796875
2 0.3703125 0.45390625 0.1671875 0.40078125
2 0.07421875 0.90078125 0.1484375 0.19453125
2 0.5796875 0.378125 0.2203125 0.22890625
2 0.6609375 0.3078125 0.1 0.19765625
2 0.4140625 0.4546875 0.14375 0.29765625
2 0.69375 0.31484375 0.084375 0.1640625
0 0.73125 0.1703125 0.08125 0.0359375