1 0.84140625 0.28515625 0.14609375 0.05546875
1 0.97109375 0.28984375 0.05703125 0.0625
1 0.6609375 0.27890625 0.103125 0.05234375
1 0.44453125 0.2765625 0.059375 0.03671875
1 0.3640625 0.2703125 0.0640625 0.0390625
1 0.2140625 0.2703125 0.04765625 0.02578125
1 0.296875 0.271875 0.05625 0.0296875
1 0.12265625 0.271875 0.0328125 0.0171875
1 0.01015625 0.28203125 0.0203125 0.0265625
1 0.54140625 0.27265625 0.0890625 0.05546875
1 0.17734375 0.2734375 0.028125 0.021875
1 0.09375 0.2734375 0.0234375 0.01328125