1 0.4546875 0.178125 0.49296875 0.2578125
2 0.48125 0.56015625 0.9359375 0.78046875
2 0.48203125 0.2296875 0.38203125 0.359375
1 0.63984375 0.12421875 0.20703125 0.0984375
1 0.065625 0.0953125 0.115625 0.06640625
1 0.23359375 0.08203125 0.153125 0.06640625
1 0.14453125 0.1375 0.2890625 0.1640625
1 0.228125 0.0625 0.1453125 0.05078125
1 0.509375 0.06484375 0.0671875 0.05859375
1 0.915625 0.05 0.03515625 0.03984375
1 0.7546875 0.05625 0.01640625 0.0203125
1 0.62421875 0.06875 0.0484375 0.02734375
2 0.48828125 0.215625 0.2296875 0.09296875
1 0.3984375 0.04765625 0.078125 0.01640625