1 0.3953125 0.5 0.0359375 0.0234375
1 0.33984375 0.5046875 0.04609375 0.02421875
1 0.61484375 0.48359375 0.03671875 0.02109375
1 0.5125 0.49140625 0.0390625 0.021875
1 0.5484375 0.4890625 0.00703125 0.01171875
1 0.4546875 0.4984375 0.03671875 0.02265625
1 0.0734375 0.52109375 0.04609375 0.0265625
1 0.2890625 0.50546875 0.02890625 0.021875
1 0.928125 0.4578125 0.03125 0.0140625
1 0.0171875 0.52734375 0.03359375 0.0234375
1 0.6640625 0.47890625 0.02265625 0.01796875
1 0.5671875 0.48671875 0.02109375 0.0125