1 0.290625 0.42578125 0.071875 0.0609375
1 0.22421875 0.346875 0.0328125 0.065625
1 0.13203125 0.3390625 0.0359375 0.03984375
1 0.1640625 0.403125 0.06640625 0.07265625
1 0.03671875 0.43984375 0.0671875 0.075
1 0.33359375 0.35234375 0.05859375 0.05
1 0.2390625 0.3203125 0.04453125 0.0359375
3 0.28984375 0.3234375 0.0578125 0.0421875
1 0.32109375 0.48828125 0.0921875 0.05
1 0.08125 0.3484375 0.03515625 0.0484375
1 0.00859375 0.37421875 0.01640625 0.06171875
1 0.2875 0.3546875 0.0640625 0.05703125
0 0.0828125 0.29609375 0.02890625 0.05625
1 0.1328125 0.2953125 0.03203125 0.0359375
0 0.20390625 0.2921875 0.0578125 0.0546875
3 0.05703125 0.29921875 0.0375 0.084375
1 0.115625 0.309375 0.23125 0.2015625