2 0.484375 0.8203125 0.053125 0.09296875
2 0.8296875 0.72734375 0.03984375 0.071875
2 0.76328125 0.66640625 0.03125 0.05859375
2 0.734375 0.6390625 0.02421875 0.05859375
2 0.6609375 0.48828125 0.028125 0.03515625
2 0.503125 0.5171875 0.015625 0.021875
2 0.4625 0.521875 0.01953125 0.02734375
2 0.63046875 0.53671875 0.02265625 0.03984375
2 0.440625 0.8265625 0.06171875 0.0703125
2 0.8578125 0.76484375 0.0546875 0.0796875
2 0.80859375 0.7046875 0.0359375 0.08046875
2 0.79140625 0.69140625 0.0296875 0.0765625
2 0.69765625 0.65078125 0.5078125 0.37734375