2 0.81796875 0.53984375 0.0125 0.03203125
2 0.39140625 0.25234375 0.0328125 0.02421875
2 0.44140625 0.2484375 0.03515625 0.0265625
2 0.6375 0.86015625 0.0140625 0.0421875
0 0.7625 0.415625 0.0625 0.11328125
0 0.83203125 0.3265625 0.05390625 0.0890625
0 0.37890625 0.35 0.078125 0.1140625
1 0.41640625 0.56328125 0.053125 0.06484375
1 0.36484375 0.5171875 0.046875 0.06015625
1 0.38671875 0.4765625 0.0515625 0.05703125
1 0.52734375 0.66796875 0.03984375 0.0546875
1 0.43984375 0.41640625 0.04140625 0.040625
1 0.44921875 0.39296875 0.04453125 0.04609375
1 0.46875 0.37421875 0.03984375 0.04453125
1 0.690625 0.6046875 0.053125 0.06953125
1 0.5296875 0.38359375 0.03828125 0.05078125
1 0.3515625 0.71015625 0.05 0.05703125
1 0.765625 0.5859375 0.059375 0.0671875
1 0.41640625 0.43828125 0.04296875 0.04765625
0 0.79375 0.37265625 0.065625 0.10078125
0 0.84375 0.26328125 0.0609375 0.0625
3 0.96171875 0.196875 0.0421875 0.0609375
3 0.928125 0.17265625 0.040625 0.05703125
1 0.47109375 0.75 0.05 0.06953125
3 0.690625 0.33046875 0.04609375 0.05859375
3 0.75859375 0.1796875 0.0421875 0.0421875
3 0.04375 0.91015625 0.07421875 0.0765625
3 0.45859375 0.49921875 0.046875 0.059375
3 0.60078125 0.25703125 0.0796875 0.05703125
3 0.11953125 0.940625 0.06953125 0.08515625
3 0.2 0.72109375 0.05078125 0.0765625
3 0.7921875 0.36875 0.0515625 0.0890625
1 0.4890625 0.46796875 0.978125 0.71015625