2 0.4140625 0.628125 0.82265625 0.72109375
2 0.56015625 0.56875 0.8765625 0.84765625
2 0.46484375 0.20625 0.44453125 0.18828125
2 0.3234375 0.05234375 0.240625 0.08203125
2 0.36171875 0.16171875 0.440625 0.284375
2 0.96015625 0.39921875 0.0765625 0.4234375
2 0.92890625 0.22890625 0.13046875 0.28984375
2 0.096875 0.18671875 0.18515625 0.35078125
2 0.52890625 0.0671875 0.2359375 0.134375
2 0.87890625 0.49609375 0.21171875 0.3140625
2 0.740625 0.12265625 0.1578125 0.153125
2 0.34296875 0.08984375 0.30546875 0.0765625