1 0.02734375 0.47578125 0.0390625 0.09140625
1 0.0796875 0.465625 0.08203125 0.078125
1 0.096875 0.4515625 0.1234375 0.08046875
1 0.471875 0.49765625 0.0734375 0.08671875
1 0.1734375 0.43359375 0.08203125 0.0375
1 0.39609375 0.4921875 0.05546875 0.06171875
1 0.4078125 0.46875 0.03515625 0.02734375
1 0.525 0.4796875 0.05703125 0.0484375
1 0.621875 0.4828125 0.078125 0.0578125
1 0.69921875 0.49453125 0.11953125 0.084375
1 0.9046875 0.50625 0.13515625 0.1125
1 0.20234375 0.5296875 0.16640625 0.1625
1 0.1390625 0.4640625 0.271875 0.08828125