2 0.1625 0.3875 0.0421875 0.09140625
1 0.81328125 0.7625 0.3703125 0.40390625
1 0.57421875 0.5109375 0.1765625 0.21015625
1 0.4296875 0.39296875 0.12890625 0.15234375
1 0.23515625 0.31484375 0.09375 0.1125
1 0.91640625 0.46328125 0.1640625 0.16875
3 0.29375 0.2796875 0.08671875 0.10703125
1 0.68203125 0.590625 0.2515625 0.25078125
1 0.65625 0.37734375 0.11484375 0.125
1 0.55546875 0.409375 0.14375 0.11015625
1 0.20859375 0.33046875 0.36328125 0.1859375
3 0.4046875 0.2703125 0.109375 0.1171875
3 0.55859375 0.3 0.125 0.1375
3 0.7796875 0.396875 0.14140625 0.16875