1 0.84453125 0.53828125 0.121875 0.0640625
1 0.77578125 0.525 0.09921875 0.03828125
1 0.69453125 0.5234375 0.07421875 0.021875
1 0.64296875 0.5171875 0.02890625 0.01640625
1 0.21484375 0.515625 0.0515625 0.015625
1 0.90234375 0.5234375 0.04921875 0.021875
1 0.0765625 0.51796875 0.03828125 0.01796875
3 0.30859375 0.5328125 0.2578125 0.08125
3 0.146875 0.52734375 0.10859375 0.04296875
1 0.0546875 0.5171875 0.04140625 0.01796875
1 0.5671875 0.51875 0.04453125 0.01640625
1 0.46328125 0.51953125 0.05546875 0.0203125
1 0.4140625 0.51328125 0.05234375 0.01171875
1 0.50390625 0.53046875 0.9875 0.0703125