1 0.87421875 0.4203125 0.20703125 0.33125
2 0.10390625 0.603125 0.19296875 0.4453125
3 0.51953125 0.528125 0.7765625 0.78671875
1 0.84609375 0.2328125 0.1359375 0.05390625
1 0.1234375 0.34140625 0.24609375 0.1953125
1 0.22421875 0.21328125 0.0515625 0.15546875
0 0.49765625 0.1140625 0.31484375 0.16328125
2 0.24140625 0.32109375 0.05625 0.178125
1 0.753125 0.24609375 0.0640625 0.0859375
1 0.78359375 0.20078125 0.0890625 0.0546875
1 0.91796875 0.22890625 0.08671875 0.07265625
1 0.97734375 0.27421875 0.0421875 0.13125