1 0.596875 0.87890625 0.04609375 0.07421875
1 0.21015625 0.9734375 0.246875 0.05234375
1 0.6 0.821875 0.03515625 0.03671875
1 0.40546875 0.8546875 0.04296875 0.034375
1 0.64140625 0.81484375 0.0296875 0.034375
1 0.38828125 0.97421875 0.1515625 0.0484375
1 0.83125 0.846875 0.3234375 0.059375
1 0.5109375 0.834375 0.0203125 0.03125
1 0.5265625 0.83515625 0.02734375 0.03671875
1 0.77578125 0.92734375 0.4453125 0.1328125
1 0.6234375 0.8671875 0.0171875 0.0515625
1 0.42578125 0.84765625 0.0296875 0.046875
3 0.7734375 0.903125 0.43671875 0.1703125
1 0.44375 0.83515625 0.01875 0.03515625
1 0.575 0.82890625 0.246875 0.05859375