1 0.628125 0.971875 0.134375 0.053125
1 0.8375 0.95703125 0.05390625 0.0328125
1 0.74140625 0.97421875 0.06171875 0.046875
1 0.93671875 0.9546875 0.04296875 0.03828125
1 0.396875 0.984375 0.15625 0.02734375
1 0.96640625 0.95234375 0.0328125 0.03046875
1 0.81640625 0.97890625 0.1328125 0.0390625
1 0.25 0.98984375 0.184375 0.01640625
1 0.8953125 0.93203125 0.0125 0.01015625
2 0.909375 0.95390625 0.01015625 0.01796875
1 0.88828125 0.9421875 0.03671875 0.021875
1 0.91328125 0.9296875 0.01484375 0.009375