1 0.05546875 0.56640625 0.11015625 0.06875
1 0.41875 0.55078125 0.04140625 0.02578125
1 0.44921875 0.54765625 0.02578125 0.02890625
1 0.5375 0.5515625 0.0328125 0.0265625
1 0.36484375 0.54765625 0.0546875 0.0453125
1 0.49921875 0.5484375 0.02109375 0.021875
1 0.62265625 0.55 0.01875 0.01953125
1 0.2015625 0.559375 0.0578125 0.04140625
1 0.3046875 0.5484375 0.00625 0.0328125
1 0.4 0.54921875 0.01875 0.0265625
1 0.51640625 0.54765625 0.01875 0.0203125
3 0.81328125 0.553125 0.14609375 0.078125
3 0.47421875 0.5453125 0.02890625 0.03203125
1 0.315625 0.553125 0.578125 0.09375