1 0.140625 0.6515625 0.0859375 0.03984375
1 0.2578125 0.65078125 0.07734375 0.0359375
1 0.59296875 0.665625 0.02109375 0.05078125
1 0.403125 0.66875 0.0578125 0.05625
1 0.62890625 0.6640625 0.053125 0.0609375
1 0.54921875 0.6484375 0.01796875 0.034375
1 0.43203125 0.66015625 0.03203125 0.04453125
1 0.45703125 0.6515625 0.025 0.0296875
1 0.5046875 0.65234375 0.02734375 0.02890625
1 0.57265625 0.64921875 0.0421875 0.04921875
1 0.58125 0.66015625 0.025 0.04296875
1 0.471875 0.6453125 0.0109375 0.01171875
1 0.44609375 0.65546875 0.01640625 0.034375