1 0.81640625 0.171875 0.3625 0.128125
2 0.17578125 0.65234375 0.240625 0.096875
2 0.68125 0.36875 0.32265625 0.340625
2 0.17109375 0.23515625 0.16640625 0.08203125
2 0.7734375 0.40390625 0.19609375 0.065625
2 0.609375 0.44609375 0.19140625 0.096875
2 0.1875 0.5015625 0.1953125 0.10859375
2 0.40703125 0.259375 0.16953125 0.08203125
2 0.503125 0.39296875 0.1859375 0.0734375
2 0.38828125 0.7328125 0.10703125 0.0875
2 0.559375 0.671875 0.0875 0.06796875
2 0.41484375 0.5765625 0.246875 0.10234375
2 0.42421875 0.3234375 0.16796875 0.07109375
2 0.353125 0.49296875 0.19140625 0.07890625
2 0.50625 0.42265625 0.95859375 0.5578125