3 0.246875 0.68671875 0.20078125 0.35859375
1 0.61875 0.78515625 0.14453125 0.19375
1 0.71875 0.76875 0.12421875 0.1609375
1 0.50234375 0.75859375 0.1046875 0.12109375
1 0.84140625 0.76796875 0.140625 0.15546875
1 0.38515625 0.7375 0.0765625 0.11015625
1 0.73203125 0.68125 0.090625 0.08203125
1 0.596875 0.6796875 0.115625 0.04296875
1 0.4625 0.75 0.065625 0.11796875
1 0.7875 0.69375 0.0359375 0.0375
1 0.44375 0.71015625 0.03046875 0.0390625
1 0.35390625 0.77265625 0.03671875 0.1078125
1 0.540625 0.69921875 0.07109375 0.05703125
1 0.84765625 0.696875 0.0859375 0.046875
1 0.5296875 0.69375 0.85625 0.3453125