1 0.51953125 0.50859375 0.01875 0.021875
1 0.490625 0.51015625 0.02109375 0.0234375
1 0.4671875 0.5109375 0.0203125 0.02578125
1 0.9890625 0.6421875 0.02109375 0.053125
1 0.434375 0.50859375 0.02421875 0.03203125
3 0.559375 0.6296875 0.04921875 0.0875
3 0.61640625 0.62734375 0.04453125 0.08515625
3 0.078125 0.6390625 0.07890625 0.09375
3 0.2140625 0.63984375 0.04921875 0.07578125
3 0.5 0.63125 0.0546875 0.0796875
3 0.44296875 0.63359375 0.05859375 0.07890625
3 0.37421875 0.6375 0.05703125 0.07109375
3 0.68671875 0.63984375 0.04375 0.0671875
1 0.4078125 0.51015625 0.02265625 0.02578125
1 0.20234375 0.503125 0.04921875 0.03203125
0 0.02890625 0.55 0.0578125 0.071875
0 0.1328125 0.553125 0.04765625 0.0734375
0 0.1828125 0.55 0.05078125 0.07734375
0 0.23359375 0.54921875 0.0453125 0.07109375
0 0.2859375 0.54375 0.053125 0.06953125
0 0.415625 0.55234375 0.04140625 0.06484375
0 0.5203125 0.53984375 0.03984375 0.04765625
0 0.6671875 0.54453125 0.053125 0.08203125
0 0.6140625 0.54296875 0.04609375 0.07890625
3 0.02109375 0.63671875 0.0421875 0.0796875
1 0.15625 0.49609375 0.02890625 0.03125
0 0.08125 0.54921875 0.05234375 0.075
0 0.328125 0.55390625 0.0515625 0.0671875
0 0.56953125 0.53828125 0.0375 0.04140625
3 0.14609375 0.634375 0.06796875 0.09609375
0 0.475 0.55546875 0.03671875 0.0703125
3 0.703125 0.63671875 0.0046875 0.040625
1 0.08125 0.50234375 0.02421875 0.03671875
1 0.10625 0.4921875 0.02109375 0.0203125
1 0.05390625 0.49609375 0.0265625 0.01953125
3 0.31328125 0.63828125 0.0625 0.07890625
3 0.753125 0.63046875 0.0390625 0.08203125
3 0.94296875 0.64921875 0.0359375 0.075
1 0.49609375 0.6234375 0.9828125 0.4515625
0 0.71796875 0.528125 0.0671875 0.10625