1 0.67890625 0.10234375 0.03203125 0.01484375
1 0.83828125 0.1015625 0.03046875 0.03359375
1 0.40625 0.08203125 0.034375 0.01953125
1 0.9078125 0.1140625 0.0265625 0.025
1 0.9421875 0.11171875 0.03359375 0.03125
1 0.80234375 0.10546875 0.02734375 0.03125
1 0.6296875 0.09765625 0.0328125 0.02109375
1 0.9015625 0.103125 0.025 0.0234375
1 0.60234375 0.09296875 0.0359375 0.03046875
1 0.8734375 0.10859375 0.02890625 0.03515625
1 0.9765625 0.1171875 0.02578125 0.02734375
1 0.6546875 0.0984375 0.0234375 0.01875
3 0.521875 0.09375 0.01015625 0.01953125
3 0.75703125 0.09609375 0.02109375 0.02890625
3 0.55625 0.09296875 0.03203125 0.0265625
1 0.70859375 0.103125 0.03046875 0.01953125
3 0.93984375 0.10859375 0.03671875 0.04375
3 0.58046875 0.09140625 0.0296875 0.03359375
1 0.71875 0.0875 0.559375 0.0828125