1 0.1046875 0.29296875 0.05390625 0.040625
1 0.14921875 0.29375 0.09375 0.0453125
2 0.24453125 0.625 0.43515625 0.4359375
2 0.425 0.52421875 0.33671875 0.3421875
2 0.51171875 0.3546875 0.0765625 0.0640625
3 0.3140625 0.28671875 0.14140625 0.084375
1 0.0796875 0.2828125 0.03203125 0.0171875
1 0.071875 0.28046875 0.03984375 0.02265625
1 0.1765625 0.27890625 0.0421875 0.03671875
2 0.8421875 0.48515625 0.11875 0.228125
3 0.04765625 0.30390625 0.09296875 0.0765625
1 0.22265625 0.278125 0.02265625 0.02734375