1 0.15078125 0.26796875 0.0890625 0.12578125
1 0.1796875 0.19609375 0.07109375 0.05
1 0.9390625 0.43046875 0.12109375 0.271875
1 0.0890625 0.196875 0.0609375 0.0484375
3 0.4953125 0.328125 0.771875 0.6375
3 0.92734375 0.21875 0.1421875 0.175
1 0.71328125 0.22734375 0.0875 0.046875
3 0.16015625 0.15625 0.06484375 0.07421875
3 0.075 0.14765625 0.0375 0.04296875
3 0.11953125 0.159375 0.021875 0.05546875
3 0.04453125 0.15078125 0.01640625 0.02265625
1 0.2453125 0.18203125 0.0375 0.03828125
1 0.4828125 0.18984375 0.01796875 0.04140625
1 0.196875 0.153125 0.025 0.02265625