1 0.865625 0.496875 0.03671875 0.03828125
1 0.6 0.38671875 0.0078125 0.01328125
3 0.890625 0.4625 0.04140625 0.0390625
3 0.49296875 0.84296875 0.10625 0.1078125
3 0.9015625 0.90625 0.1234375 0.11328125
3 0.77734375 0.8890625 0.24609375 0.13828125
3 0.52578125 0.39296875 0.02109375 0.03046875
3 0.4796875 0.3828125 0.025 0.021875
1 0.4859375 0.853125 0.09296875 0.103125
3 0.8609375 0.4953125 0.04921875 0.03515625
3 0.9046875 0.52578125 0.0453125 0.0296875
3 0.1171875 0.4125 0.03828125 0.03203125
1 0.9671875 0.884375 0.05859375 0.11015625
3 0.93984375 0.5015625 0.0515625 0.0546875