1 0.20859375 0.92265625 0.2078125 0.15
1 0.6328125 0.91640625 0.14375 0.1328125
1 0.78359375 0.859375 0.0515625 0.04765625
1 0.43671875 0.92109375 0.1796875 0.15703125
1 0.05546875 0.9078125 0.109375 0.13515625
1 0.12578125 0.89765625 0.1 0.11015625
1 0.30546875 0.89921875 0.10625 0.1453125
1 0.1765625 0.8375 0.0546875 0.03203125
1 0.38203125 0.84140625 0.0453125 0.053125
1 0.44453125 0.8359375 0.0375 0.02265625
2 0.31796875 0.9375 0.0984375 0.12109375
1 0.26484375 0.83046875 0.04140625 0.025
1 0.3546875 0.83359375 0.025 0.02578125