3 0.29140625 0.290625 0.09609375 0.134375
1 0.14296875 0.3359375 0.08125 0.08515625
1 0.1234375 0.2953125 0.0671875 0.09140625
1 0.146875 0.2609375 0.05859375 0.07265625
1 0.103125 0.23671875 0.05546875 0.1
1 0.13203125 0.20078125 0.04921875 0.0546875
0 0.253125 0.25 0.09609375 0.19375
1 0.1234375 0.0578125 0.04140625 0.05859375
1 0.2890625 0.384375 0.09921875 0.1453125
1 0.58125 0.1078125 0.1078125 0.06953125
1 0.1203125 0.121875 0.065625 0.06484375
1 0.22734375 0.0640625 0.0984375 0.06015625
1 0.71953125 0.10390625 0.08828125 0.05625
1 0.32265625 0.32578125 0.0703125 0.06171875