1 0.41484375 0.5515625 0.06484375 0.06015625
1 0.46953125 0.56640625 0.0203125 0.025
1 0.4453125 0.5265625 0.01328125 0.0171875
1 0.44765625 0.49296875 0.01640625 0.01953125
1 0.478125 0.5421875 0.01796875 0.02734375
1 0.44453125 0.47578125 0.02890625 0.01640625
1 0.4765625 0.4671875 0.0171875 0.028125
1 0.50625 0.46171875 0.01328125 0.01875
1 0.5328125 0.540625 0.015625 0.01875
1 0.48125 0.5296875 0.01640625 0.02578125
1 0.44765625 0.54609375 0.01171875 0.02734375
3 0.02734375 0.284375 0.05390625 0.30234375
1 0.5265625 0.53125 0.015625 0.01953125
1 0.44765625 0.5125 0.0140625 0.0125
1 0.490625 0.43203125 0.04609375 0.053125