0 0.121875 0.70546875 0.18359375 0.12421875
1 0.53046875 0.6546875 0.0703125 0.065625
1 0.91171875 0.7125 0.05 0.06640625
1 0.36171875 0.62890625 0.071875 0.059375
1 0.82421875 0.703125 0.0609375 0.06640625
1 0.71640625 0.67421875 0.0765625 0.08828125
1 0.634375 0.67578125 0.07890625 0.0625
1 0.14453125 0.59296875 0.078125 0.06796875
1 0.28828125 0.61796875 0.07890625 0.05625
1 0.41015625 0.60078125 0.0640625 0.0578125
0 0.246875 0.21484375 0.07265625 0.02578125
1 0.0921875 0.540625 0.065625 0.03046875
1 0.2734375 0.571875 0.075 0.05859375
3 0.2 0.6046875 0.08984375 0.06640625
3 0.75859375 0.5421875 0.04765625 0.05546875
3 0.3140625 0.4390625 0.05078125 0.03046875
3 0.834375 0.49140625 0.0375 0.0453125
3 0.4515625 0.64296875 0.0859375 0.075
1 0.509375 0.44609375 0.88125 0.46640625