2 0.440625 0.73359375 0.88125 0.5140625
2 0.45234375 0.60546875 0.3296875 0.2015625
2 0.703125 0.45390625 0.14453125 0.2734375
2 0.91015625 0.59140625 0.1765625 0.55
2 0.36015625 0.47109375 0.203125 0.08984375
2 0.35625 0.46484375 0.10625 0.0703125
2 0.4171875 0.41953125 0.08515625 0.071875
2 0.80234375 0.50625 0.19296875 0.315625
2 0.5140625 0.67421875 0.43125 0.22734375
2 0.40625 0.52578125 0.353125 0.1328125
2 0.3875 0.5 0.24921875 0.11171875
2 0.4984375 0.38671875 0.1140625 0.13984375
2 0.615625 0.446875 0.1015625 0.2234375