1 0.3515625 0.47734375 0.0515625 0.05
1 0.36484375 0.44375 0.0359375 0.03671875
1 0.59921875 0.44765625 0.04375 0.05703125
1 0.56640625 0.446875 0.0265625 0.04765625
1 0.48203125 0.41015625 0.02890625 0.0296875
1 0.465625 0.39453125 0.01953125 0.02265625
1 0.42421875 0.39765625 0.01875 0.021875
1 0.384375 0.41796875 0.02734375 0.02421875
1 0.08046875 0.490625 0.05703125 0.0578125
1 0.51484375 0.40234375 0.021875 0.02265625
1 0.35078125 0.44921875 0.04765625 0.028125
3 0.0296875 0.49296875 0.05625 0.096875
1 0.4984375 0.3953125 0.01015625 0.01484375