1 0.15703125 0.753125 0.07265625 0.08359375
1 0.378125 0.76328125 0.0703125 0.0625
1 0.34296875 0.7515625 0.0625 0.0609375
1 0.3109375 0.75390625 0.02421875 0.04453125
1 0.68828125 0.7796875 0.0625 0.06484375
0 0.5453125 0.74140625 0.24453125 0.25625
3 0.8203125 0.80078125 0.2453125 0.1921875
1 0.075 0.7171875 0.0171875 0.01875
1 0.08515625 0.728125 0.0125 0.02890625
1 0.24296875 0.725 0.02890625 0.015625
1 0.31953125 0.73046875 0.02578125 0.02578125
3 0.02734375 0.76015625 0.053125 0.16328125
3 0.115625 0.73046875 0.05703125 0.07734375