1 0.8828125 0.38125 0.1171875 0.04609375
1 0.78125 0.35546875 0.08515625 0.028125
1 0.89375 0.359375 0.08984375 0.03046875
1 0.7015625 0.33984375 0.05 0.03046875
1 0.49453125 0.30078125 0.0265625 0.01484375
1 0.81640625 0.34609375 0.078125 0.03125
3 0.7234375 0.3203125 0.0703125 0.05859375
3 0.96796875 0.3578125 0.05859375 0.08125
1 0.9859375 0.4140625 0.0234375 0.034375
1 0.875 0.340625 0.06015625 0.0171875
1 0.07109375 0.43359375 0.13984375 0.09296875
1 0.56484375 0.3296875 0.0421875 0.02734375