1 0.5265625 0.96640625 0.128125 0.0640625
1 0.40390625 0.95546875 0.0625 0.0484375
1 0.328125 0.98125 0.109375 0.03359375
1 0.2109375 0.928125 0.03203125 0.0296875
1 0.4734375 0.9296875 0.05234375 0.0296875
1 0.45625 0.971875 0.040625 0.05390625
1 0.44375 0.92265625 0.05 0.03359375
3 0.35625 0.94765625 0.07265625 0.06328125
3 0.259375 0.928125 0.05234375 0.0328125
1 0.1140625 0.93828125 0.0375 0.03125
1 0.14921875 0.9390625 0.03828125 0.03125
0 0.56328125 0.9359375 0.1109375 0.10703125
3 0.56171875 0.9359375 0.11171875 0.09375