1 0.3015625 0.8609375 0.18671875 0.0984375
1 0.3546875 0.7578125 0.0921875 0.05859375
1 0.31953125 0.73125 0.08125 0.04765625
1 0.2625 0.6953125 0.07265625 0.03828125
1 0.3390625 0.74609375 0.084375 0.05078125
1 0.19765625 0.60390625 0.059375 0.01796875
1 0.0578125 0.60234375 0.04140625 0.021875
1 0.05078125 0.68515625 0.028125 0.04609375
3 0.2390625 0.66953125 0.0828125 0.05078125
1 0.25625 0.85 0.13046875 0.08984375
1 0.878125 0.8515625 0.0875 0.1453125
1 0.20390625 0.659375 0.05 0.0390625
1 0.16875 0.6296875 0.053125 0.0328125