2 0.5484375 0.52578125 0.58046875 0.56484375
1 0.0578125 0.47578125 0.11484375 0.14609375
1 0.31328125 0.46484375 0.12890625 0.05703125
1 0.15546875 0.4609375 0.13203125 0.06875
1 0.93515625 0.45703125 0.1265625 0.06484375
1 0.4890625 0.45546875 0.0578125 0.0375
1 0.83828125 0.43984375 0.0265625 0.028125
1 0.79609375 0.45 0.04609375 0.0390625
1 0.76171875 0.45390625 0.021875 0.03359375
1 0.23125 0.453125 0.07890625 0.03984375
1 0.7171875 0.45390625 0.0796875 0.04921875
1 0.4578125 0.4625 0.053125 0.05
1 0.425 0.45859375 0.06328125 0.065625