1 0.93203125 0.6375 0.13359375 0.09296875
1 0.08046875 0.6203125 0.159375 0.0625
1 0.50390625 0.61484375 0.05234375 0.0421875
2 0.82578125 0.80234375 0.17421875 0.2421875
2 0.6375 0.75703125 0.09453125 0.14765625
2 0.3734375 0.68515625 0.03984375 0.05078125
2 0.3 0.6546875 0.0453125 0.07734375
2 0.32421875 0.65234375 0.021875 0.05234375
2 0.34296875 0.628125 0.0140625 0.04140625
2 0.490625 0.73203125 0.046875 0.08359375
2 0.42421875 0.69296875 0.0453125 0.07578125
1 0.31953125 0.590625 0.0375 0.03203125
1 0.11796875 0.81484375 0.23515625 0.36328125
2 0.69296875 0.68125 0.065625 0.0984375
2 0.57734375 0.684375 0.05625 0.08359375
2 0.25859375 0.63359375 0.01796875 0.0359375
2 0.53125 0.67109375 0.03515625 0.06953125
2 0.23515625 0.63046875 0.0390625 0.03515625