1 0.4828125 0.69921875 0.10234375 0.0546875
1 0.46796875 0.58125 0.053125 0.02578125
1 0.64453125 0.81640625 0.1828125 0.06015625
1 0.5421875 0.63203125 0.06953125 0.03671875
1 0.7546875 0.65078125 0.08359375 0.04375
1 0.83515625 0.85546875 0.0875 0.02734375
0 0.7359375 0.78515625 0.13671875 0.0875
0 0.3984375 0.7875 0.3375 0.11875
1 0.68828125 0.678125 0.07734375 0.02890625
1 0.54765625 0.5953125 0.0484375 0.01484375
1 0.05546875 0.39921875 0.0078125 0.00546875
0 0.25078125 0.875 0.16484375 0.0703125
3 0.74140625 0.5734375 0.0671875 0.0578125
3 0.7375 0.7828125 0.13828125 0.0828125
3 0.74609375 0.59375 0.04921875 0.0328125
3 0.81015625 0.5921875 0.06796875 0.05078125
3 0.1390625 0.5765625 0.0296875 0.015625
1 0.2640625 0.24609375 0.01875 0.0125
0 0.58671875 0.93515625 0.25390625 0.1265625
0 0.14453125 0.79140625 0.184375 0.06640625
0 0.89765625 0.7765625 0.19921875 0.084375
1 0.0453125 0.41171875 0.01953125 0.00859375
3 0.5515625 0.55546875 0.04765625 0.025
1 0.728125 0.86875 0.1546875 0.065625
3 0.840625 0.6390625 0.065625 0.03359375
3 0.0390625 0.87578125 0.07734375 0.0390625
3 0.42890625 0.9 0.30078125 0.11484375
1 0.49921875 0.384375 0.9984375 0.584375