2 0.06484375 0.5640625 0.03984375 0.0765625
1 0.75703125 0.48359375 0.0875 0.121875
1 0.15390625 0.7328125 0.184375 0.246875
1 0.34921875 0.72421875 0.1703125 0.17890625
1 0.8984375 0.34375 0.06796875 0.0796875
1 0.43828125 0.56015625 0.11328125 0.1234375
1 0.30703125 0.57109375 0.140625 0.13984375
3 0.60703125 0.42578125 0.0875 0.16171875
3 0.6234375 0.1828125 0.10390625 0.0609375
3 0.48671875 0.46328125 0.08125 0.13203125
3 0.4171875 0.8875 0.2515625 0.20234375
3 0.8859375 0.13515625 0.034375 0.03203125
3 0.4765625 0.2359375 0.059375 0.05078125
1 0.9765625 0.42109375 0.040625 0.0703125
1 0.528125 0.7078125 0.13671875 0.196875
1 0.578125 0.5484375 0.10078125 0.13671875
1 0.33828125 0.47734375 0.1125 0.0890625
1 0.528125 0.32109375 0.1125 0.08046875
1 0.48671875 0.4625 0.08203125 0.12734375
1 0.4578125 0.30234375 0.896875 0.3703125