1 0.46796875 0.84765625 0.10078125 0.1140625
1 0.76875 0.815625 0.03515625 0.03828125
1 0.87421875 0.8265625 0.04453125 0.04140625
1 0.9703125 0.83671875 0.05625 0.0640625
1 0.10859375 0.81484375 0.04609375 0.03359375
1 0.15625 0.80859375 0.05625 0.04609375
1 0.37734375 0.80625 0.02734375 0.03515625
1 0.22734375 0.8125 0.034375 0.04765625
1 0.40546875 0.8078125 0.02890625 0.0328125
1 0.67734375 0.8015625 0.0296875 0.02265625
1 0.03203125 0.8015625 0.02421875 0.01875
1 0.28046875 0.87578125 0.18046875 0.17265625