1 0.428125 0.6296875 0.0484375 0.025
1 0.48203125 0.6265625 0.03125 0.021875
1 0.7484375 0.62734375 0.05078125 0.0265625
1 0.696875 0.62421875 0.0390625 0.01796875
1 0.46171875 0.6296875 0.0390625 0.0265625
1 0.5671875 0.62890625 0.02734375 0.025
3 0.96328125 0.6234375 0.05859375 0.0265625
3 0.45546875 0.62890625 0.02890625 0.02578125
3 0.34765625 0.625 0.053125 0.0328125
1 0.6671875 0.62734375 0.0328125 0.0265625
1 0.3171875 0.63046875 0.17421875 0.0234375
1 0.85078125 0.62578125 0.034375 0.0234375
1 0.89609375 0.62578125 0.01796875 0.02109375
1 0.81953125 0.6265625 0.0421875 0.02265625
1 0.19140625 0.6328125 0.02734375 0.01640625