1 0.3 0.93203125 0.07890625 0.0703125
1 0.45859375 0.92421875 0.0671875 0.06171875
1 0.40703125 0.91484375 0.0546875 0.04921875
1 0.47421875 0.89296875 0.0328125 0.0203125
1 0.51875 0.9046875 0.02734375 0.0609375
1 0.5515625 0.91875 0.05390625 0.0453125
1 0.5796875 0.90625 0.025 0.03359375
1 0.5765625 0.88046875 0.021875 0.01875
1 0.6171875 0.90546875 0.03828125 0.0375
1 0.73046875 0.91875 0.053125 0.06328125
1 0.67421875 0.8828125 0.0359375 0.03828125
1 0.79140625 0.8828125 0.02578125 0.03359375
1 0.35625 0.91953125 0.053125 0.04921875
1 0.41875 0.89375 0.834375 0.075