1 0.24765625 0.46015625 0.1375 0.1140625
1 0.303125 0.44765625 0.09921875 0.0859375
1 0.5171875 0.45625 0.190625 0.096875
1 0.703125 0.41875 0.0421875 0.04140625
2 0.83203125 0.6625 0.3015625 0.30703125
2 0.5234375 0.6421875 0.2296875 0.24296875
2 0.21015625 0.65234375 0.2328125 0.27890625
2 0.4703125 0.4765625 0.07734375 0.08203125
1 0.56484375 0.41875 0.03515625 0.034375
1 0.42890625 0.42109375 0.02890625 0.0296875
1 0.3765625 0.43203125 0.0828125 0.0546875
1 0.425 0.43515625 0.0265625 0.04296875
2 0.646875 0.60078125 0.19140625 0.18125
2 0.57734375 0.4671875 0.040625 0.07734375
1 0.54296875 0.41796875 0.059375 0.03515625
1 0.48828125 0.40546875 0.0265625 0.01015625