1 0.228125 0.25078125 0.45078125 0.29765625
1 0.62890625 0.16171875 0.228125 0.2046875
2 0.46484375 0.66171875 0.22734375 0.36171875
1 0.096875 0.146875 0.19296875 0.15625
1 0.69296875 0.09921875 0.11171875 0.11796875
1 0.85625 0.08046875 0.1484375 0.05546875
1 0.78828125 0.05 0.0484375 0.03671875
1 0.59453125 0.0859375 0.12109375 0.08046875
1 0.56328125 0.06015625 0.0140625 0.040625
1 0.82265625 0.034375 0.0234375 0.01953125
3 0.384375 0.0890625 0.36171875 0.17578125
1 0.22734375 0.71953125 0.4546875 0.5359375