1 0.3828125 0.56875 0.0734375 0.06953125
1 0.1390625 0.55625 0.23828125 0.1171875
1 0.05 0.58125 0.09921875 0.1140625
1 0.48515625 0.57578125 0.04921875 0.04140625
1 0.3375 0.56640625 0.03828125 0.03671875
1 0.48203125 0.5265625 0.01328125 0.0171875
1 0.49453125 0.51328125 0.0109375 0.0109375
1 0.4234375 0.5671875 0.01953125 0.03828125
1 0.45390625 0.56484375 0.0296875 0.0140625
1 0.49765625 0.4984375 0.01328125 0.01171875
1 0.2765625 0.5609375 0.08515625 0.07578125
3 0.04921875 0.58125 0.0984375 0.10625
1 0.43515625 0.56953125 0.0171875 0.03125
1 0.3140625 0.575 0.03671875 0.0390625
3 0.14453125 0.55625 0.23359375 0.11796875