1 0.88359375 0.05859375 0.06953125 0.03515625
1 0.82890625 0.04609375 0.065625 0.034375
1 0.7609375 0.05234375 0.06875 0.04609375
1 0.64140625 0.04921875 0.0640625 0.04140625
1 0.5 0.04765625 0.053125 0.0265625
1 0.20859375 0.0390625 0.0375 0.03359375
1 0.91953125 0.05859375 0.03125 0.03828125
1 0.3734375 0.05078125 0.03203125 0.028125
1 0.9640625 0.059375 0.06171875 0.0359375
1 0.5515625 0.046875 0.04921875 0.0296875
1 0.1078125 0.040625 0.04609375 0.0265625
1 0.31796875 0.0515625 0.02734375 0.0390625
1 0.16171875 0.040625 0.0578125 0.0421875
1 0.375 0.03515625 0.675 0.05625