1 0.06015625 0.25234375 0.01953125 0.02890625
0 0.3203125 0.4453125 0.325 0.25625
0 0.37890625 0.38984375 0.29296875 0.25859375
0 0.5796875 0.39765625 0.128125 0.20703125
1 0.09375 0.25546875 0.03046875 0.028125
1 0.0875 0.2546875 0.02265625 0.02578125
1 0.0125 0.23828125 0.01953125 0.02265625
0 0.20546875 0.34375 0.22890625 0.1890625
0 0.340625 0.24296875 0.27734375 0.02421875
0 0.35078125 0.25625 0.29765625 0.034375
1 0.03515625 0.24609375 0.0296875 0.03046875
1 0.05546875 0.24765625 0.03125 0.03125