1 0.94609375 0.7734375 0.10390625 0.315625
1 0.75546875 0.7703125 0.31171875 0.30859375
1 0.7828125 0.52421875 0.2625 0.2171875
1 0.51015625 0.75546875 0.17578125 0.17734375
1 0.55703125 0.56796875 0.20546875 0.1734375
1 0.3890625 0.75859375 0.11953125 0.1640625
1 0.4359375 0.60234375 0.12109375 0.14296875
1 0.29375 0.78046875 0.09609375 0.1296875
1 0.33984375 0.62109375 0.07578125 0.096875
1 0.22734375 0.79375 0.0625 0.10234375
1 0.2828125 0.64453125 0.05859375 0.09296875
1 0.17109375 0.8 0.0515625 0.090625