1 0.34375 0.7953125 0.05 0.0796875
1 0.2796875 0.7703125 0.05546875 0.053125
1 0.25234375 0.80625 0.0546875 0.06015625
1 0.15390625 0.8796875 0.0953125 0.115625
1 0.29296875 0.90546875 0.04453125 0.1046875
1 0.42265625 0.8359375 0.0609375 0.09609375
0 0.0609375 0.7859375 0.1203125 0.190625
1 0.44453125 0.7765625 0.04140625 0.0703125
1 0.459375 0.73359375 0.034375 0.03046875
1 0.3921875 0.76328125 0.02890625 0.05234375
1 0.43046875 0.7875 0.05 0.05703125
1 0.3140625 0.7640625 0.02890625 0.03671875
1 0.9125 0.72109375 0.053125 0.04765625
3 0.36875 0.76640625 0.03984375 0.0734375
1 0.759375 0.74765625 0.40625 0.1453125