1 0.30234375 0.6421875 0.36875 0.20625
1 0.85078125 0.646875 0.29453125 0.234375
1 0.91796875 0.6890625 0.15859375 0.31796875
1 0.7734375 0.6109375 0.3203125 0.2046875
1 0.16796875 0.5234375 0.09375 0.02734375
1 0.14453125 0.45390625 0.0890625 0.05390625
1 0.02734375 0.49609375 0.05390625 0.06015625
1 0.31953125 0.39765625 0.05625 0.02890625
1 0.13828125 0.5625 0.1015625 0.06796875
1 0.3234375 0.5421875 0.2671875 0.090625
1 0.01953125 0.54375 0.0390625 0.0875
1 0.02421875 0.52265625 0.04765625 0.06875
1 0.2484375 0.38125 0.021875 0.0078125