1 0.1296875 0.571875 0.1296875 0.04765625
1 0.85625 0.57578125 0.04296875 0.03984375
1 0.8328125 0.56640625 0.084375 0.04375
1 0.834375 0.57109375 0.05234375 0.03515625
1 0.190625 0.56015625 0.046875 0.02734375
1 0.70859375 0.54375 0.05 0.01484375
1 0.7484375 0.5453125 0.0421875 0.01796875
1 0.975 0.58125 0.046875 0.05859375
1 0.74453125 0.5703125 0.06875 0.0296875
1 0.1890625 0.54765625 0.03203125 0.0171875
1 0.72421875 0.54921875 0.01953125 0.021875
1 0.69765625 0.56640625 0.05 0.028125
1 0.8 0.5671875 0.04921875 0.04765625
1 0.56640625 0.57109375 0.8046875 0.07109375