1 0.525 0.6046875 0.09921875 0.1421875
1 0.90234375 0.75390625 0.1921875 0.4484375
2 0.64609375 0.73671875 0.1296875 0.28359375
2 0.03671875 0.640625 0.0578125 0.06328125
2 0.54375 0.64296875 0.0578125 0.07421875
2 0.57734375 0.6296875 0.040625 0.12265625
2 0.81796875 0.73125 0.0578125 0.2125
1 0.0296875 0.60625 0.059375 0.0703125
1 0.11484375 0.56484375 0.08125 0.04453125
1 0.5828125 0.55234375 0.06015625 0.04375
3 0.184375 0.628125 0.240625 0.18359375
1 0.76796875 0.5578125 0.04765625 0.01796875