1 0.54765625 0.30859375 0.04375 0.02734375
0 0.115625 0.08671875 0.0609375 0.05625
1 0.375 0.19140625 0.0359375 0.02265625
1 0.34140625 0.17734375 0.0359375 0.01953125
1 0.33203125 0.16796875 0.0234375 0.02109375
1 0.30078125 0.14765625 0.034375 0.021875
1 0.1171875 0.18671875 0.03046875 0.02734375
1 0.31796875 0.16171875 0.03046875 0.02109375
1 0.315625 0.09921875 0.02265625 0.025
1 0.16015625 0.171875 0.0390625 0.02734375
1 0.0796875 0.19921875 0.0375 0.025
1 0.04453125 0.2140625 0.0390625 0.02578125
1 0.06015625 0.07890625 0.03125 0.025
1 0.090625 0.15859375 0.03671875 0.03671875
1 0.1546875 0.115625 0.30625 0.12265625