1 0.68125 0.71171875 0.1375 0.14765625
1 0.5328125 0.69375 0.14453125 0.159375
1 0.39453125 0.69609375 0.13046875 0.134375
1 0.26640625 0.6953125 0.165625 0.12421875
1 0.1234375 0.69140625 0.16796875 0.128125
1 0.79453125 0.69140625 0.13203125 0.11875
1 0.63359375 0.6921875 0.07578125 0.1484375
0 0.68515625 0.60390625 0.05625 0.096875
0 0.63046875 0.59140625 0.01484375 0.06171875
0 0.23828125 0.584375 0.04375 0.0375
1 0.0265625 0.69140625 0.053125 0.08828125
1 0.9421875 0.653125 0.1125 0.09375
1 0.09140625 0.65078125 0.08828125 0.05625
0 0.7421875 0.5859375 0.034375 0.04453125
1 0.03359375 0.65234375 0.06328125 0.04453125
1 0.4625 0.64453125 0.03359375 0.0328125