1 0.3828125 0.75234375 0.7109375 0.37265625
1 0.59921875 0.69296875 0.4328125 0.24921875
1 0.19921875 0.540625 0.15546875 0.04609375
1 0.26640625 0.53984375 0.07734375 0.04921875
1 0.325 0.5453125 0.12421875 0.04765625
1 0.73359375 0.6671875 0.265625 0.19921875
1 0.59609375 0.54609375 0.05 0.0484375
1 0.01640625 0.61875 0.0328125 0.0828125
1 0.740625 0.62265625 0.2359375 0.11328125
1 0.79765625 0.58125 0.13984375 0.065625
1 0.83828125 0.54609375 0.0578125 0.0375
1 0.0828125 0.58515625 0.16484375 0.0984375
1 0.1765625 0.55 0.1046875 0.03203125
3 0.1234375 0.51328125 0.12890625 0.04765625
1 0.471875 0.57421875 0.746875 0.15625