1 0.27734375 0.8734375 0.015625 0.02265625
1 0.9625 0.74140625 0.01484375 0.02578125
1 0.265625 0.93984375 0.02421875 0.0234375
1 0.3484375 0.7875 0.01640625 0.02265625
3 0.15390625 0.8765625 0.034375 0.05859375
1 0.12265625 0.9625 0.02109375 0.02265625
1 0.15703125 0.93359375 0.01953125 0.02578125
1 0.2125 0.88671875 0.0125 0.021875
1 0.19765625 0.86953125 0.015625 0.02265625
1 0.3109375 0.878125 0.01328125 0.0234375
1 0.490625 0.4765625 0.00703125 0.01484375
1 0.0875 0.45859375 0.01171875 0.0140625
1 0.34921875 0.8359375 0.01796875 0.03046875
0 0.66953125 0.4921875 0.03671875 0.02421875
3 0.5234375 0.46875 0.0171875 0.03203125
1 0.46015625 0.434375 0.00859375 0.01015625
0 0.71796875 0.93046875 0.02109375 0.046875
3 0.15546875 0.93515625 0.01875 0.025
1 0.31015625 0.3484375 0.6203125 0.25859375