2 0.50234375 0.5359375 0.96484375 0.68671875
1 0.9296875 0.32890625 0.1375 0.15
1 0.78671875 0.35703125 0.2359375 0.246875
1 0.81484375 0.2296875 0.190625 0.14296875
1 0.9125 0.228125 0.171875 0.11484375
3 0.6578125 0.12421875 0.06640625 0.06640625
1 0.434375 0.1390625 0.1265625 0.08984375
1 0.246875 0.13359375 0.125 0.10625
1 0.77890625 0.146875 0.12265625 0.05703125
1 0.70625 0.13671875 0.04453125 0.05
1 0.59453125 0.12265625 0.1375 0.0828125
1 0.1390625 0.1296875 0.11484375 0.090625
1 0.33984375 0.096875 0.06640625 0.05703125
1 0.72890625 0.2125 0.203125 0.115625
1 0.52734375 0.21953125 0.13046875 0.1328125
1 0.5 0.146875 0.996875 0.21875