2 0.68515625 0.65546875 0.28671875 0.6640625
1 0.30078125 0.459375 0.05078125 0.05
1 0.29453125 0.43359375 0.04453125 0.03984375
1 0.2796875 0.42265625 0.040625 0.0640625
1 0.1453125 0.4453125 0.0484375 0.0453125
1 0.1421875 0.40859375 0.0296875 0.02734375
1 0.921875 0.678125 0.153125 0.18125
1 0.86015625 0.65703125 0.13359375 0.16015625
1 0.40078125 0.59453125 0.0640625 0.07890625
1 0.053125 0.55703125 0.0671875 0.05078125
1 0.34140625 0.60546875 0.02265625 0.05546875
1 0.35546875 0.6046875 0.028125 0.05390625
1 0.42109375 0.6046875 0.0296875 0.0703125
1 0.475 0.5875 0.09375 0.12109375
1 0.2703125 0.35390625 0.5375 0.6