1 0.25546875 0.5890625 0.25078125 0.20234375
1 0.45078125 0.590625 0.08359375 0.1125
1 0.07265625 0.6953125 0.1453125 0.25078125
1 0.040625 0.58828125 0.0796875 0.08046875
1 0.0859375 0.5765625 0.10234375 0.07734375
1 0.60390625 0.5625 0.0515625 0.06796875
0 0.41875 0.50859375 0.146875 0.0875
1 0.6703125 0.54609375 0.053125 0.028125
1 0.49453125 0.54609375 0.03671875 0.0359375
1 0.63671875 0.56328125 0.0359375 0.05234375
1 0.575 0.57421875 0.0578125 0.0671875
1 0.50703125 0.57421875 0.1125 0.11953125
1 0.55 0.5359375 0.0203125 0.0265625