1 0.16171875 0.53203125 0.28359375 0.2453125
1 0.49375 0.48125 0.159375 0.15703125
1 0.53046875 0.39140625 0.1171875 0.10078125
3 0.83359375 0.3046875 0.16875 0.2421875
3 0.56171875 0.22890625 0.07421875 0.07734375
3 0.4875 0.05 0.19375 0.0578125
1 0.6609375 0.36796875 0.08515625 0.0984375
1 0.59609375 0.34375 0.06015625 0.0625
1 0.0640625 0.30234375 0.08359375 0.0421875
1 0.46328125 0.25859375 0.03046875 0.02890625
3 0.77109375 0.40546875 0.11875 0.15078125
3 0.15859375 0.53359375 0.28203125 0.24375
3 0.41640625 0.31171875 0.12109375 0.08125
3 0.53203125 0.3890625 0.125 0.1125
3 0.9234375 0.2375 0.05 0.09453125
3 0.4625 0.2328125 0.10390625 0.084375
3 0.35859375 0.24765625 0.12890625 0.1109375
1 0.0640625 0.33828125 0.07734375 0.071875
1 0.6984375 0.31953125 0.05859375 0.06171875
1 0.771875 0.4078125 0.11484375 0.14921875