1 0.45625 0.65390625 0.071875 0.05703125
1 0.50234375 0.64765625 0.04453125 0.0484375
1 0.5859375 0.63671875 0.02578125 0.02421875
1 0.7078125 0.65078125 0.046875 0.05078125
1 0.840625 0.64609375 0.10390625 0.04296875
1 0.7859375 0.63828125 0.0390625 0.034375
1 0.63984375 0.63046875 0.0140625 0.01484375
1 0.66953125 0.6125 0.0078125 0.01015625
1 0.528125 0.6421875 0.034375 0.04140625
1 0.65703125 0.63125 0.01484375 0.0171875
1 0.9296875 0.64140625 0.040625 0.03203125
1 0.6921875 0.59921875 0.0078125 0.009375
1 0.6984375 0.6265625 0.03359375 0.021875
1 0.86484375 0.628125 0.2578125 0.04765625