1 0.26328125 0.490625 0.18984375 0.17265625
1 0.60546875 0.46875 0.03984375 0.06015625
1 0.55625 0.45390625 0.0828125 0.09921875
1 0.8390625 0.46875 0.0171875 0.0234375
1 0.67578125 0.46796875 0.01796875 0.040625
2 0.53515625 0.55703125 0.08203125 0.20234375
3 0.44140625 0.46796875 0.1546875 0.15390625
2 0.41328125 0.51875 0.0828125 0.1953125
2 0.6359375 0.51875 0.034375 0.0859375
2 0.703125 0.4984375 0.02109375 0.053125
2 0.728125 0.47109375 0.00859375 0.04765625
2 0.76875 0.47890625 0.01015625 0.0359375
2 0.8015625 0.47890625 0.01171875 0.0296875
2 0.78828125 0.478125 0.01328125 0.0390625
2 0.69140625 0.4734375 0.021875 0.0609375
1 0.83046875 0.46015625 0.0078125 0.015625