1 0.39921875 0.3203125 0.32734375 0.14453125
1 0.08984375 0.26875 0.178125 0.12421875
1 0.68984375 0.30546875 0.24921875 0.11015625
1 0.9453125 0.32734375 0.10625 0.18203125
1 0.503125 0.22890625 0.0484375 0.034375
2 0.50625 0.2828125 0.07734375 0.06328125
3 0.2640625 0.215625 0.10546875 0.0578125
1 0.1 0.22421875 0.0984375 0.05078125
1 0.56640625 0.228125 0.03046875 0.01640625
3 0.134375 0.20859375 0.12421875 0.06171875
1 0.56171875 0.2609375 0.1125 0.0515625
1 0.796875 0.2703125 0.1171875 0.05703125
1 0.13359375 0.20859375 0.1265625 0.059375