1 0.56796875 0.32265625 0.0203125 0.01015625
1 0.54765625 0.3375 0.02734375 0.0125
1 0.6046875 0.3484375 0.0328125 0.01640625
1 0.603125 0.3296875 0.0265625 0.0140625
1 0.51015625 0.3296875 0.0265625 0.01484375
1 0.6765625 0.33984375 0.03515625 0.01953125
1 0.65703125 0.33828125 0.02578125 0.0140625
1 0.27578125 0.30703125 0.0203125 0.01328125
1 0.4640625 0.31875 0.0328125 0.0203125
1 0.6359375 0.3328125 0.02265625 0.01328125
1 0.53359375 0.33203125 0.04140625 0.01875
1 0.3109375 0.27421875 0.03125 0.00859375
1 0.3671875 0.271875 0.0328125 0.0125
0 0.09921875 0.265625 0.06484375 0.034375