1 0.33203125 0.94453125 0.2 0.1046875
1 0.12890625 0.94140625 0.2015625 0.0765625
1 0.6734375 0.8828125 0.04765625 0.03984375
1 0.253125 0.89453125 0.07421875 0.09140625
1 0.3890625 0.8953125 0.0484375 0.0515625
1 0.4390625 0.90859375 0.0140625 0.0578125
1 0.46640625 0.915625 0.0578125 0.09453125
1 0.76640625 0.9015625 0.06015625 0.05234375
1 0.90390625 0.9234375 0.14296875 0.05390625
1 0.66484375 0.9421875 0.13046875 0.09296875
1 0.5546875 0.9078125 0.06171875 0.0484375
1 0.7859375 0.93125 0.075 0.08515625
1 0.03984375 0.96796875 0.0796875 0.0609375
1 0.70703125 0.9015625 0.58203125 0.14765625