1 0.5546875 0.29296875 0.06640625 0.02109375
1 0.50234375 0.33125 0.153125 0.05390625
1 0.8828125 0.35078125 0.13125 0.0828125
1 0.953125 0.36875 0.08984375 0.0953125
1 0.634375 0.3359375 0.17109375 0.059375
1 0.56015625 0.3359375 0.10078125 0.05390625
1 0.8640625 0.2734375 0.08828125 0.0421875
1 0.753125 0.3484375 0.11953125 0.06015625
1 0.44296875 0.315625 0.0875 0.05625
1 0.5046875 0.3 0.0640625 0.03203125
1 0.60625 0.29453125 0.05 0.0265625
1 0.9328125 0.31484375 0.06171875 0.04296875
1 0.6828125 0.296875 0.0671875 0.04609375