3 0.440625 0.75625 0.30078125 0.15078125
1 0.9640625 0.82421875 0.06875 0.34765625
1 0.840625 0.81953125 0.259375 0.31328125
1 0.47265625 0.77421875 0.14375 0.171875
1 0.6578125 0.77421875 0.07578125 0.17109375
1 0.6703125 0.7578125 0.11796875 0.16953125
1 0.18984375 0.734375 0.08046875 0.08984375
1 0.2203125 0.690625 0.07734375 0.10859375
1 0.44375 0.5390625 0.03984375 0.04921875
1 0.309375 0.71171875 0.075 0.10859375
1 0.334375 0.675 0.06328125 0.084375
1 0.34765625 0.64296875 0.0484375 0.08203125
1 0.52890625 0.51328125 0.03515625 0.04296875
1 0.7015625 0.79375 0.1265625 0.2234375
1 0.44375 0.6375 0.284375 0.3828125