1 0.5265625 0.6296875 0.11796875 0.121875
1 0.36328125 0.81484375 0.71796875 0.365625
1 0.6515625 0.59296875 0.1828125 0.1203125
1 0.41953125 0.609375 0.04140625 0.08984375
1 0.3359375 0.5890625 0.38984375 0.14140625
1 0.31796875 0.56484375 0.0796875 0.09375
1 0.2125 0.55234375 0.05234375 0.06640625
1 0.70390625 0.75078125 0.5890625 0.38515625
1 0.42265625 0.59375 0.109375 0.10546875
1 0.2859375 0.55859375 0.07734375 0.09921875
1 0.2828125 0.5078125 0.05390625 0.03125
1 0.82421875 0.5375 0.109375 0.0515625
1 0.3390625 0.5734375 0.08671875 0.0875