1 0.596875 0.8375 0.05546875 0.059375
1 0.646875 0.87734375 0.05390625 0.05546875
1 0.69765625 0.92265625 0.059375 0.071875
1 0.55 0.80078125 0.0484375 0.05625
1 0.41640625 0.7140625 0.04296875 0.04453125
1 0.359375 0.67734375 0.04140625 0.04296875
1 0.40546875 0.6546875 0.0453125 0.034375
1 0.47265625 0.69140625 0.0453125 0.034375
1 0.578125 0.77578125 0.04765625 0.04296875
1 0.5609375 0.73203125 0.0265625 0.0421875
1 0.58984375 0.90625 0.05078125 0.06015625
1 0.4609375 0.7421875 0.046875 0.04921875
3 0.1140625 0.38125 0.0203125 0.0484375
3 0.70859375 0.8671875 0.06640625 0.06796875
1 0.296875 0.62578125 0.034375 0.040625
1 0.55546875 0.7984375 0.3671875 0.365625