1 0.1546875 0.79765625 0.10546875 0.0796875
1 0.2328125 0.77734375 0.05234375 0.0453125
1 0.8578125 0.80078125 0.1015625 0.0796875
1 0.81875 0.775 0.0875 0.05703125
1 0.53515625 0.78046875 0.07890625 0.0578125
0 0.928125 0.7359375 0.140625 0.12109375
1 0.3046875 0.7703125 0.10625 0.04375
1 0.18359375 0.7796875 0.0921875 0.0625
1 0.47578125 0.78125 0.1 0.0515625
1 0.19296875 0.625 0.04765625 0.040625
1 0.5375 0.76484375 0.10078125 0.04921875
1 0.3234375 0.7140625 0.09609375 0.04375
1 0.19453125 0.528125 0.046875 0.040625
1 0.19296875 0.44296875 0.07890625 0.03046875
1 0.49921875 0.43828125 0.9984375 0.8703125