1 0.91796875 0.78828125 0.12265625 0.07890625
1 0.834375 0.778125 0.09765625 0.08359375
1 0.740625 0.78046875 0.0671875 0.059375
1 0.296875 0.7984375 0.06484375 0.071875
1 0.6 0.77421875 0.0453125 0.04921875
1 0.56171875 0.77109375 0.03046875 0.03828125
1 0.52265625 0.7703125 0.02578125 0.0296875
1 0.984375 0.80625 0.028125 0.07734375
1 0.4203125 0.76015625 0.021875 0.0203125
1 0.44921875 0.76328125 0.021875 0.01796875
1 0.3453125 0.7625 0.01015625 0.01171875
1 0.35546875 0.76328125 0.0140625 0.01484375
1 0.29609375 0.76875 0.0640625 0.03984375
3 0.63203125 0.76171875 0.06640625 0.075
1 0.52265625 0.7609375 0.3296875 0.05390625