3 0.30390625 0.259375 0.0890625 0.13515625
1 0.1578125 0.29921875 0.084375 0.09296875
1 0.1203125 0.20390625 0.0515625 0.06953125
1 0.2984375 0.34921875 0.09609375 0.159375
1 0.1390625 0.2546875 0.0734375 0.109375
1 0.33984375 0.2828125 0.0859375 0.05859375
1 0.59609375 0.07109375 0.109375 0.06484375
1 0.75078125 0.0671875 0.12421875 0.0546875
1 0.14609375 0.16640625 0.05234375 0.04921875
1 0.14140625 0.1375 0.06171875 0.05703125
1 0.13125 0.0921875 0.0609375 0.08515625
1 0.1390625 0.0234375 0.04296875 0.03671875
0 0.2671875 0.1671875 0.090625 0.1015625
1 0.215625 0.0265625 0.09375 0.053125
1 0.1609375 0.225 0.06328125 0.0734375
1 0.29296875 0.21015625 0.1609375 0.20078125