1 0.90703125 0.67265625 0.1484375 0.15
1 0.97890625 0.640625 0.04140625 0.05390625
1 0.7359375 0.62578125 0.0546875 0.0421875
1 0.24453125 0.6625 0.03984375 0.04765625
3 0.3703125 0.64140625 0.22109375 0.3125
1 0.2171875 0.67265625 0.02890625 0.0390625
3 0.16484375 0.67109375 0.0890625 0.084375
3 0.0390625 0.70234375 0.078125 0.13046875
3 0.87734375 0.6234375 0.20546875 0.09296875
1 0.75 0.634375 0.03984375 0.04921875
1 0.09609375 0.68359375 0.034375 0.028125
0 0.37578125 0.634375 0.23203125 0.309375
1 0.546875 0.65234375 0.0578125 0.04296875
1 0.26484375 0.66640625 0.00546875 0.01796875