1 0.0515625 0.78359375 0.0546875 0.05078125
1 0.61875 0.7515625 0.06328125 0.03671875
1 0.8265625 0.74609375 0.05703125 0.0296875
1 0.1046875 0.7625 0.05 0.02578125
1 0.20625 0.76328125 0.02734375 0.01875
1 0.18671875 0.76328125 0.0421875 0.01796875
1 0.3375 0.75625 0.02265625 0.01796875
3 0.26171875 0.75625 0.03828125 0.06875
3 0.61875 0.75234375 0.0640625 0.03125
3 0.8265625 0.74609375 0.0578125 0.0296875
1 0.31015625 0.76640625 0.04140625 0.0421875
1 0.65546875 0.7546875 0.0125 0.0078125
1 0.33671875 0.76875 0.01484375 0.0265625
3 0.3125 0.765625 0.0390625 0.04375