1 0.63984375 0.690625 0.06796875 0.021875
1 0.34375 0.684375 0.06484375 0.01875
1 0.58203125 0.68671875 0.03984375 0.025
1 0.75703125 0.69375 0.084375 0.01953125
1 0.5546875 0.68828125 0.0234375 0.0234375
1 0.58359375 0.69453125 0.0328125 0.0109375
1 0.6625 0.6875 0.0296875 0.0265625
1 0.4515625 0.68359375 0.053125 0.0296875
3 0.30625 0.6765625 0.08125 0.03203125
1 0.3796875 0.6875 0.025 0.01796875
1 0.6984375 0.6921875 0.04765625 0.025
3 0.81953125 0.69140625 0.084375 0.0234375
1 0.93984375 0.7 0.0109375 0.01640625