1 0.0859375 0.91015625 0.0890625 0.13046875
1 0.87109375 0.88046875 0.0671875 0.07421875
1 0.41796875 0.83203125 0.0171875 0.0359375
1 0.44453125 0.8265625 0.015625 0.03515625
1 0.49765625 0.8875 0.06796875 0.11328125
1 0.97421875 0.8734375 0.021875 0.03046875
3 0.196875 0.88203125 0.1171875 0.20234375
1 0.484375 0.82890625 0.021875 0.02265625
1 0.27890625 0.8140625 0.0171875 0.021875
3 0.4453125 0.82421875 0.0140625 0.04921875
3 0.86875 0.88125 0.065625 0.07109375
1 0.46484375 0.83515625 0.015625 0.02890625