1 0.140625 0.63828125 0.025 0.0375
1 0.128125 0.58828125 0.02421875 0.03203125
1 0.08984375 0.584375 0.02421875 0.034375
0 0.7453125 0.70703125 0.165625 0.12578125
0 0.51640625 0.846875 0.1875 0.26484375
0 0.09453125 0.85390625 0.0703125 0.25625
0 0.04921875 0.7265625 0.0984375 0.14375
0 0.0125 0.846875 0.025 0.203125
3 0.46484375 0.6078125 0.0546875 0.0671875
1 0.1640625 0.58359375 0.015625 0.03359375
2 0.2515625 0.98359375 0.0125 0.03046875
3 0.57265625 0.646875 0.1109375 0.078125
3 0.89140625 0.84765625 0.18125 0.16328125
3 0.23828125 0.55546875 0.0484375 0.06015625
2 0.71015625 0.74921875 0.0265625 0.040625
2 0.5859375 0.72265625 0.0203125 0.0265625