2 0.14296875 0.77265625 0.26796875 0.44921875
2 0.48203125 0.584375 0.10625 0.22578125
2 0.39609375 0.89296875 0.07421875 0.184375
2 0.92421875 0.8375 0.14765625 0.31953125
2 0.7203125 0.703125 0.20859375 0.11171875
2 0.9015625 0.6265625 0.11015625 0.16015625
2 0.82109375 0.63359375 0.140625 0.115625
2 0.26796875 0.4828125 0.06484375 0.17265625
1 0.06015625 0.32890625 0.0328125 0.04921875
1 0.08515625 0.328125 0.03125 0.040625
1 0.09453125 0.3203125 0.03046875 0.04453125
1 0.17109375 0.3078125 0.03984375 0.03984375
1 0.1640625 0.259375 0.0109375 0.01171875
1 0.18046875 0.24296875 0.01328125 0.0140625
2 0.40546875 0.696875 0.15390625 0.25703125
2 0.88046875 0.7890625 0.05546875 0.08359375
0 0.0234375 0.31484375 0.04609375 0.15234375
2 0.78359375 0.48046875 0.034375 0.03515625
2 0.51640625 0.41796875 0.03125 0.0703125
2 0.34921875 0.5109375 0.03046875 0.02890625