1 0.20625 0.27734375 0.11796875 0.1
1 0.734375 0.26328125 0.1046875 0.11015625
1 0.33671875 0.2125 0.09765625 0.0671875
1 0.503125 0.17890625 0.125 0.06171875
1 0.559375 0.2109375 0.09140625 0.0546875
1 0.6359375 0.26953125 0.10234375 0.1
1 0.68125 0.17578125 0.134375 0.06953125
1 0.77578125 0.20234375 0.0796875 0.0703125
1 0.86328125 0.21328125 0.06796875 0.05234375
3 0.23828125 0.20546875 0.12890625 0.07734375
3 0.66640625 0.20625 0.09453125 0.06953125
3 0.0734375 0.2734375 0.12890625 0.12109375
3 0.96953125 0.1640625 0.0578125 0.0703125
1 0.128125 0.2109375 0.1140625 0.078125
1 0.9421875 0.25 0.08203125 0.12109375
1 0.321875 0.27578125 0.115625 0.0984375
1 0.5359375 0.2734375 0.109375 0.1015625
1 0.5 0.1859375 0.996875 0.28828125