1 0.0359375 0.79765625 0.0234375 0.028125
1 0.1484375 0.7765625 0.01328125 0.01875
1 0.0953125 0.78828125 0.01640625 0.02109375
1 0.0609375 0.7984375 0.02109375 0.0296875
1 0.0953125 0.78828125 0.01640625 0.02109375
0 0.334375 0.77890625 0.23046875 0.08203125
1 0.10703125 0.78203125 0.0140625 0.02265625
1 0.0703125 0.79375 0.01484375 0.0296875
1 0.0109375 0.8 0.02109375 0.028125
1 0.08359375 0.77890625 0.01328125 0.0171875
1 0.9515625 0.771875 0.06171875 0.03359375
1 0.621875 0.784375 0.0484375 0.0359375
1 0.075 0.77109375 0.0109375 0.0125
1 0.05546875 0.78515625 0.01796875 0.021875
1 0.06015625 0.76953125 0.0828125 0.04453125