2 0.534375 0.5609375 0.6390625 0.72109375
2 0.36796875 0.48046875 0.43828125 0.53515625
2 0.28828125 0.34296875 0.34765625 0.365625
2 0.18203125 0.42734375 0.24921875 0.24296875
2 0.12421875 0.33359375 0.146875 0.171875
2 0.68046875 0.29140625 0.209375 0.21015625
2 0.48359375 0.190625 0.0765625 0.07421875
2 0.23046875 0.2734375 0.228125 0.21875
2 0.11328125 0.29296875 0.2109375 0.23203125
2 0.771875 0.6671875 0.453125 0.6609375
2 0.15546875 0.19765625 0.03984375 0.05625
2 0.11171875 0.18203125 0.04765625 0.096875
2 0.37421875 0.209375 0.04765625 0.07734375