0 0.13203125 0.5828125 0.22421875 0.3359375
1 0.01171875 0.628125 0.0234375 0.08125
0 0.84609375 0.5671875 0.25546875 0.1265625
1 0.26015625 0.68515625 0.18984375 0.1921875
1 0.40703125 0.65234375 0.13984375 0.1609375
1 0.87890625 0.684375 0.1640625 0.20234375
1 0.75859375 0.68203125 0.1296875 0.14296875
1 0.67890625 0.6265625 0.0375 0.07421875
1 0.175 0.68828125 0.05390625 0.15078125
1 0.16875 0.6734375 0.0984375 0.16875
1 0.98046875 0.73046875 0.03828125 0.17421875
1 0.31484375 0.60859375 0.0828125 0.06875