1 0.5296875 0.73046875 0.10390625 0.18515625
1 0.1390625 0.72421875 0.078125 0.18125
1 0.409375 0.62578125 0.04453125 0.071875
1 0.07578125 0.734375 0.14921875 0.22109375
1 0.6578125 0.62890625 0.04375 0.0734375
1 0.90703125 0.70078125 0.09921875 0.1359375
1 0.93828125 0.71328125 0.07421875 0.14609375
1 0.7109375 0.64375 0.109375 0.07109375
1 0.46015625 0.68203125 0.065625 0.115625
1 0.6359375 0.62734375 0.06328125 0.0734375
1 0.38515625 0.61640625 0.01796875 0.05234375
1 0.56328125 0.66953125 0.0578125 0.11484375
1 0.71015625 0.61171875 0.0515625 0.03984375
1 0.5 0.69375 0.996875 0.384375