2 0.521875 0.615625 0.37734375 0.434375
1 0.0828125 0.41796875 0.028125 0.0265625
3 0.83359375 0.43515625 0.08359375 0.1046875
3 0.64765625 0.43359375 0.0890625 0.10078125
3 0.321875 0.4140625 0.10859375 0.08671875
3 0.16328125 0.40703125 0.0421875 0.0453125
3 0.71953125 0.43984375 0.0640625 0.0875
3 0.95859375 0.42890625 0.0515625 0.07421875
1 0.559375 0.4453125 0.03046875 0.03828125
1 0.1265625 0.41484375 0.03515625 0.0328125
1 0.759375 0.45078125 0.0625 0.06328125
1 0.903125 0.43515625 0.04140625 0.06015625
3 0.26015625 0.41796875 0.05 0.0421875
3 0.19609375 0.409375 0.06171875 0.04765625
3 0.3671875 0.42421875 0.08828125 0.06796875
3 0.5671875 0.415625 0.0390625 0.0453125
1 0.1 0.41875 0.0328125 0.0328125
1 0.23359375 0.41640625 0.03046875 0.02890625
3 0.128125 0.41328125 0.03515625 0.03515625