1 0.1203125 0.21640625 0.23828125 0.165625
1 0.503125 0.19140625 0.19921875 0.1015625
1 0.21171875 0.11015625 0.1625 0.09765625
1 0.909375 0.06953125 0.08828125 0.06328125
1 0.690625 0.08515625 0.109375 0.08515625
3 0.5515625 0.0796875 0.17421875 0.128125
3 0.21015625 0.1109375 0.16484375 0.0953125
1 0.6890625 0.19765625 0.14140625 0.06875
1 0.87109375 0.171875 0.1703125 0.11875
1 0.046875 0.03046875 0.0921875 0.059375
1 0.31015625 0.034375 0.1296875 0.06875
2 0.57265625 0.6046875 0.15859375 0.21796875
1 0.73515625 0.1484375 0.13671875 0.1
2 0.8671875 0.271875 0.08359375 0.103125
2 0.3203125 0.59609375 0.134375 0.20234375
2 0.39296875 0.5015625 0.075 0.1984375
2 0.103125 0.57578125 0.0984375 0.17734375
2 0.20390625 0.465625 0.09921875 0.196875
2 0.0796875 0.403125 0.109375 0.171875
2 0.259375 0.3890625 0.0671875 0.14140625
2 0.353125 0.36875 0.0875 0.14453125
2 0.84609375 0.784375 0.23515625 0.26328125
2 0.8140625 0.96953125 0.11953125 0.06015625
2 0.98046875 0.95 0.0359375 0.09609375
3 0.8703125 0.159375 0.1671875 0.10625
1 0.271875 0.01875 0.10859375 0.03671875
1 0.41484375 0.025 0.0859375 0.04921875
2 0.46640625 0.3609375 0.08203125 0.11015625
3 0.73984375 0.15 0.1453125 0.09765625
2 0.61484375 0.2984375 0.6828125 0.22734375