1 0.3421875 0.06015625 0.08359375 0.0515625
1 0.1546875 0.13046875 0.125 0.059375
1 0.33203125 0.17265625 0.11796875 0.0625
2 0.75 0.50234375 0.07734375 0.103125
2 0.42578125 0.4109375 0.0921875 0.090625
2 0.3203125 0.5078125 0.06796875 0.09453125
2 0.55625 0.1703125 0.06015625 0.053125
2 0.040625 0.18984375 0.06015625 0.0671875
2 0.31328125 0.20625 0.1125 0.06796875
2 0.49296875 0.125 0.05234375 0.04765625
2 0.5296875 0.071875 0.0328125 0.0359375
2 0.39765625 0.15 0.0609375 0.05234375
2 0.50703125 0.05 0.0328125 0.03359375
2 0.51171875 0.02578125 0.0296875 0.01328125
1 0.35 0.01484375 0.0625 0.02734375
1 0.3375 0.1078125 0.0890625 0.05390625
1 0.15703125 0.0921875 0.1015625 0.04921875
1 0.18828125 0.05703125 0.08203125 0.0390625
1 0.2 0.02578125 0.071875 0.0375
1 0.24140625 0.0109375 0.05859375 0.021875
2 0.39140625 0.0875 0.04375 0.03828125
1 0.2828125 0.98359375 0.278125 0.0296875
1 0.71796875 0.0421875 0.10859375 0.05625
2 0.4453125 0.03671875 0.03125 0.0296875