2 0.7375 0.66484375 0.5234375 0.51484375
2 0.653125 0.44375 0.6875 0.5546875
2 0.47265625 0.328125 0.51796875 0.50234375
2 0.3203125 0.365625 0.240625 0.2078125
2 0.753125 0.44921875 0.48984375 0.4953125
1 0.10703125 0.38515625 0.02890625 0.0171875
1 0.04609375 0.39296875 0.04375 0.01875
2 0.66640625 0.5515625 0.3296875 0.2828125
2 0.3203125 0.42578125 0.23359375 0.21484375
2 0.2390625 0.365625 0.16953125 0.1796875
2 0.20703125 0.36953125 0.10390625 0.1078125
1 0.146875 0.38125 0.03828125 0.03046875
1 0.015625 0.37890625 0.02265625 0.009375
2 0.571875 0.4203125 0.5703125 0.48671875
2 0.81171875 0.8125 0.36171875 0.3328125