1 0.4890625 0.5375 0.14140625 0.1296875
1 0.37734375 0.55234375 0.090625 0.06875
1 0.2640625 0.55703125 0.0390625 0.04375
1 0.18203125 0.5484375 0.03359375 0.04609375
1 0.79453125 0.5875 0.08125 0.08125
1 0.63671875 0.58515625 0.04609375 0.040625
1 0.8890625 0.60078125 0.0875 0.06875
1 0.16015625 0.553125 0.040625 0.046875
3 0.61796875 0.5484375 0.0640625 0.1
3 0.96953125 0.59921875 0.0578125 0.06875
1 0.02421875 0.4890625 0.046875 0.17265625
1 0.29375 0.55703125 0.01796875 0.0203125
1 0.846875 0.5921875 0.03046875 0.04921875