2 0.41640625 0.39609375 0.15234375 0.06640625
1 0.79609375 0.38359375 0.35625 0.078125
1 0.215625 0.3234375 0.259375 0.0375
1 0.290625 0.37421875 0.1125 0.065625
1 0.440625 0.3453125 0.19765625 0.02890625
1 0.59296875 0.365625 0.10546875 0.040625
3 0.86484375 0.3359375 0.17421875 0.03984375
3 0.5671875 0.34921875 0.2796875 0.07265625
1 0.13203125 0.36875 0.26328125 0.07265625
1 0.48671875 0.3859375 0.36015625 0.07265625
1 0.5734375 0.33984375 0.3 0.05234375
2 0.771875 0.39140625 0.16640625 0.05703125
3 0.9296875 0.3546875 0.13984375 0.04921875