1 0.82890625 0.38828125 0.1234375 0.0890625
1 0.91875 0.28203125 0.08671875 0.090625
1 0.77421875 0.1515625 0.0625 0.04765625
1 0.68671875 0.090625 0.059375 0.03984375
1 0.95703125 0.17109375 0.05234375 0.05390625
1 0.9296875 0.5078125 0.1296875 0.08984375
1 0.74296875 0.071875 0.0484375 0.0375
1 0.4625 0.0640625 0.05234375 0.03125
1 0.984375 0.18359375 0.028125 0.0640625
1 0.64765625 0.01484375 0.0453125 0.0265625
1 0.26328125 0.02421875 0.05078125 0.03828125
1 0.32578125 0.03046875 0.0390625 0.0234375
1 0.3375 0.2015625 0.04140625 0.0328125
3 0.6609375 0.35 0.10546875 0.0734375
3 0.98515625 0.184375 0.02578125 0.05546875
1 0.59921875 0.1953125 0.79765625 0.38984375