1 0.55546875 0.20625 0.0171875 0.0328125
2 0.24921875 0.6609375 0.4984375 0.534375
2 0.7234375 0.83515625 0.55 0.32578125
2 0.71875 0.42734375 0.1796875 0.16640625
2 0.225 0.925 0.45 0.1453125
2 0.2984375 0.5421875 0.43671875 0.35859375
2 0.3625 0.53125 0.35546875 0.18828125
2 0.35546875 0.4015625 0.28984375 0.221875
2 0.7828125 0.521875 0.25703125 0.12265625
1 0.24296875 0.321875 0.19921875 0.15859375
2 0.73984375 0.465625 0.04609375 0.034375
2 0.5578125 0.3390625 0.06953125 0.10234375
2 0.39921875 0.40859375 0.2578125 0.13671875
2 0.3953125 0.35625 0.0296875 0.08046875
2 0.53359375 0.81484375 0.1828125 0.340625
2 0.55625 0.57578125 0.75 0.67421875