1 0.14375 0.97734375 0.01875 0.03984375
1 0.125 0.88984375 0.0171875 0.03671875
1 0.1328125 0.93046875 0.01796875 0.0375
1 0.63984375 0.9015625 0.0296875 0.03046875
1 0.51171875 0.91484375 0.034375 0.04296875
1 0.59921875 0.95703125 0.04296875 0.0390625
1 0.6390625 0.87421875 0.03828125 0.0453125
1 0.5640625 0.94453125 0.03046875 0.0296875
1 0.7734375 0.8015625 0.025 0.021875
1 0.8 0.78984375 0.02578125 0.0234375
3 0.85234375 0.77421875 0.04921875 0.0578125
1 0.546875 0.896875 0.03671875 0.03828125
1 0.54140625 0.92265625 0.03984375 0.04609375
1 0.51328125 0.52265625 0.9703125 0.9328125