1 0.709375 0.63671875 0.1828125 0.0859375
1 0.25234375 0.634375 0.10546875 0.05390625
1 0.79921875 0.6046875 0.0609375 0.03828125
1 0.8796875 0.59765625 0.028125 0.021875
1 0.8421875 0.59921875 0.040625 0.02578125
1 0.90546875 0.596875 0.053125 0.03046875
1 0.94453125 0.59140625 0.0359375 0.028125
1 0.0453125 0.6671875 0.090625 0.075
1 0.60703125 0.60390625 0.10390625 0.05625
1 0.98359375 0.58828125 0.0296875 0.02265625
1 0.1921875 0.63203125 0.028125 0.03984375
1 0.96953125 0.58984375 0.0234375 0.02265625
3 0.51796875 0.5171875 0.13125 0.1796875