1 0.3921875 0.82890625 0.7546875 0.31015625
1 0.51015625 0.65078125 0.11015625 0.06875
1 0.7203125 0.7484375 0.13125 0.12890625
0 0.41015625 0.5953125 0.0578125 0.09140625
1 0.68671875 0.71484375 0.103125 0.09765625
1 0.6140625 0.79296875 0.50859375 0.35703125
1 0.86796875 0.71015625 0.0640625 0.103125
1 0.8390625 0.70625 0.0828125 0.10859375
1 0.240625 0.65546875 0.05 0.075
1 0.9 0.83828125 0.196875 0.31875
1 0.2640625 0.63515625 0.0609375 0.08046875
1 0.66640625 0.6890625 0.0796875 0.0859375
0 0.51796875 0.55234375 0.02109375 0.034375