3 0.35234375 0.484375 0.4125 0.62890625
3 0.66171875 0.58984375 0.40859375 0.78984375
3 0.134375 0.440625 0.26640625 0.440625
3 0.55078125 0.2078125 0.1421875 0.128125
3 0.34140625 0.19921875 0.1015625 0.0890625
3 0.9328125 0.34140625 0.13125 0.4078125
3 0.42890625 0.18984375 0.121875 0.0890625
3 0.57890625 0.0984375 0.01875 0.0109375
3 0.61484375 0.178125 0.07265625 0.134375
3 0.7046875 0.109375 0.075 0.02890625
3 0.52421875 0.13671875 0.05859375 0.028125
3 0.56796875 0.11171875 0.04140625 0.01328125
3 0.7 0.17421875 0.10859375 0.07265625