0 0.72734375 0.521875 0.08203125 0.0296875
1 0.6703125 0.53046875 0.034375 0.01640625
1 0.5171875 0.53203125 0.03671875 0.01875
1 0.43828125 0.53203125 0.0359375 0.01953125
1 0.96875 0.53125 0.04453125 0.01875
1 0.90625 0.53125 0.03828125 0.01640625
1 0.609375 0.5296875 0.0328125 0.01875
1 0.38515625 0.5328125 0.03125 0.01640625
1 0.078125 0.52578125 0.02578125 0.015625
1 0.809375 0.53125 0.0359375 0.015625
1 0.8546875 0.5265625 0.04609375 0.0234375
1 0.27265625 0.53125 0.0234375 0.01875
1 0.92890625 0.52734375 0.03203125 0.01953125
1 0.49375 0.53046875 0.028125 0.021875
1 0.40546875 0.52578125 0.7265625 0.04296875