1 0.125 0.525 0.15859375 0.08046875
1 0.8703125 0.51484375 0.05 0.04609375
1 0.9046875 0.478125 0.01953125 0.02578125
1 0.85703125 0.47109375 0.01328125 0.015625
1 0.81484375 0.47421875 0.01484375 0.015625
1 0.840625 0.446875 0.01171875 0.01328125
1 0.2421875 0.58359375 0.03203125 0.07734375
1 0.01328125 0.55078125 0.0234375 0.06484375
0 0.52265625 0.48515625 0.54140625 0.428125
1 0.79375 0.48046875 0.0109375 0.0203125
1 0.82578125 0.46640625 0.01328125 0.0171875
1 0.853125 0.45078125 0.0109375 0.01171875
1 0.89609375 0.43828125 0.00859375 0.01015625
1 0.8484375 0.4640625 0.01484375 0.015625
1 0.8609375 0.440625 0.1375 0.08515625