1 0.38671875 0.73671875 0.01484375 0.00703125
1 0.35234375 0.73515625 0.015625 0.009375
1 0.7328125 0.73359375 0.01328125 0.00703125
1 0.128125 0.73828125 0.0171875 0.00703125
1 0.8671875 0.7359375 0.02734375 0.00703125
1 0.51328125 0.73359375 0.0171875 0.009375
1 0.42265625 0.73671875 0.021875 0.0140625
1 0.54296875 0.73515625 0.015625 0.009375
1 0.7078125 0.7359375 0.0140625 0.0078125
1 0.7484375 0.734375 0.01171875 0.00703125
1 0.9109375 0.7328125 0.015625 0.009375
3 0.83515625 0.72734375 0.05703125 0.02109375
1 0.6078125 0.73359375 0.01953125 0.0078125
1 0.02890625 0.74296875 0.01875 0.0109375
1 0.5359375 0.73515625 0.671875 0.04140625