1 0.01640625 0.6109375 0.0328125 0.07890625
1 0.06875 0.59140625 0.08984375 0.0875
1 0.16953125 0.578125 0.0703125 0.06171875
1 0.21640625 0.55703125 0.059375 0.078125
1 0.26484375 0.553125 0.040625 0.04765625
1 0.2859375 0.54140625 0.04140625 0.053125
1 0.93984375 0.56875 0.1171875 0.0703125
1 0.96328125 0.5921875 0.0703125 0.0890625
1 0.825 0.53828125 0.0578125 0.04453125
1 0.41171875 0.51640625 0.0234375 0.028125
1 0.3984375 0.5203125 0.03203125 0.03203125
1 0.88359375 0.54921875 0.0609375 0.06171875
1 0.3359375 0.5375 0.04453125 0.04140625
1 0.4546875 0.528125 0.85 0.10546875