1 0.7359375 0.12578125 0.20390625 0.21640625
1 0.94140625 0.1359375 0.1140625 0.225
1 0.503125 0.1171875 0.1984375 0.1984375
1 0.8265625 0.0671875 0.05703125 0.0890625
1 0.86953125 0.053125 0.04921875 0.06875
1 0.5984375 0.06171875 0.05625 0.0921875
1 0.6234375 0.0515625 0.0265625 0.05234375
1 0.3546875 0.115625 0.13203125 0.1765625
1 0.0265625 0.11640625 0.053125 0.140625
1 0.47265625 0.04921875 0.1078125 0.0984375
1 0.03046875 0.046875 0.059375 0.0703125
1 0.9078125 0.06953125 0.05859375 0.08046875