1 0.33984375 0.63203125 0.02265625 0.025
1 0.31953125 0.5875 0.01796875 0.02890625
1 0.4375 0.63671875 0.03203125 0.0390625
1 0.37421875 0.58203125 0.01796875 0.01875
1 0.403125 0.60703125 0.0234375 0.03125
1 0.33828125 0.55234375 0.02109375 0.03984375
0 0.62109375 0.59453125 0.325 0.403125
1 0.390625 0.59140625 0.01875 0.0265625
1 0.31171875 0.5765625 0.01796875 0.0328125
1 0.3203125 0.53828125 0.0140625 0.01328125
1 0.325 0.5453125 0.00546875 0.01484375
1 0.3671875 0.5703125 0.0140625 0.02421875