2 0.35703125 0.68671875 0.66171875 0.62109375
2 0.81796875 0.31796875 0.065625 0.1359375
2 0.0640625 0.38984375 0.12265625 0.140625
2 0.5109375 0.29921875 0.0765625 0.05703125
2 0.3625 0.31953125 0.1203125 0.09921875
2 0.12578125 0.37265625 0.1140625 0.1578125
2 0.259375 0.34609375 0.1515625 0.11640625
2 0.83671875 0.30234375 0.04140625 0.09765625
2 0.025 0.43203125 0.05 0.1546875
2 0.80703125 0.4140625 0.0484375 0.12109375
2 0.84921875 0.29765625 0.03828125 0.07734375
2 0.415625 0.3234375 0.05078125 0.075
2 0.7640625 0.428125 0.11640625 0.2453125
2 0.66796875 0.45625 0.21171875 0.3515625