2 0.60390625 0.7734375 0.06796875 0.1109375
2 0.5484375 0.78125 0.053125 0.078125
2 0.69375 0.78984375 0.10234375 0.09375
1 0.3671875 0.775 0.140625 0.128125
1 0.46640625 0.765625 0.08046875 0.0890625
1 0.20390625 0.74140625 0.0609375 0.0578125
2 0.63984375 0.78515625 0.06015625 0.09609375
2 0.5140625 0.7765625 0.03515625 0.08046875
2 0.5 0.76953125 0.04921875 0.096875
1 0.125 0.73203125 0.0453125 0.05234375
1 0.16796875 0.740625 0.03203125 0.0515625
1 0.584375 0.72578125 0.02265625 0.0359375
1 0.31171875 0.75234375 0.04375 0.06640625
1 0.28828125 0.7546875 0.0515625 0.06328125
1 0.26328125 0.75 0.04375 0.0625
1 0.1609375 0.7375 0.0453125 0.0515625
1 0.1015625 0.734375 0.01640625 0.0375
2 0.57265625 0.784375 0.0484375 0.0828125