1 0.9203125 0.828125 0.10234375 0.165625
1 0.8671875 0.82421875 0.06328125 0.15078125
1 0.36484375 0.825 0.10390625 0.08828125
1 0.46171875 0.79921875 0.025 0.0171875
1 0.4171875 0.82109375 0.0328125 0.0546875
1 0.753125 0.83203125 0.10703125 0.0875
1 0.83515625 0.8234375 0.07109375 0.13984375
3 0.74375 0.79609375 0.13046875 0.14375
1 0.475 0.7921875 0.02109375 0.01640625
1 0.53984375 0.7984375 0.02265625 0.0171875
1 0.40859375 0.79375 0.03203125 0.0171875
1 0.4453125 0.77890625 0.0234375 0.01171875
1 0.7890625 0.83359375 0.0546875 0.10703125