1 0.23125 0.82421875 0.10703125 0.15703125
1 0.13125 0.84375 0.15859375 0.1734375
1 0.603125 0.828125 0.0234375 0.03671875
1 0.81171875 0.8390625 0.0515625 0.071875
1 0.7796875 0.8390625 0.028125 0.06796875
1 0.715625 0.83125 0.01953125 0.03984375
1 0.73359375 0.83671875 0.03203125 0.03828125
1 0.4734375 0.834375 0.0234375 0.0328125
1 0.853125 0.83203125 0.05078125 0.11640625
1 0.753125 0.8359375 0.015625 0.0546875
1 0.03359375 0.834375 0.0640625 0.19296875
3 0.92890625 0.825 0.13203125 0.17734375
3 0.09375 0.7796875 0.07734375 0.05546875
3 0.54375 0.82890625 0.01640625 0.02265625
1 0.6828125 0.83515625 0.02890625 0.03828125
1 0.73359375 0.81953125 0.5296875 0.209375