1 0.7734375 0.73828125 0.1359375 0.06640625
1 0.6140625 0.7328125 0.09453125 0.0546875
1 0.96875 0.74375 0.059375 0.0984375
1 0.559375 0.73515625 0.07265625 0.04375
1 0.42265625 0.728125 0.0390625 0.0375
1 0.678125 0.73828125 0.096875 0.05
1 0.375 0.72890625 0.0453125 0.028125
1 0.52265625 0.7328125 0.06328125 0.04296875
1 0.34375 0.72578125 0.034375 0.028125
1 0.134375 0.725 0.03828125 0.021875
1 0.2828125 0.72578125 0.034375 0.028125
2 0.821875 0.74453125 0.08671875 0.06484375
1 0.0171875 0.725 0.03203125 0.021875
2 0.89375 0.75 0.08984375 0.0546875