1 0.2328125 0.25703125 0.0359375 0.0328125
1 0.18125 0.2484375 0.01953125 0.01875
1 0.146875 0.24765625 0.01953125 0.015625
3 0.23203125 0.25859375 0.03671875 0.03125
1 0.465625 0.271875 0.02890625 0.0140625
1 0.490625 0.26953125 0.02265625 0.01484375
1 0.55625 0.27109375 0.040625 0.0234375
1 0.11953125 0.24296875 0.01171875 0.01484375
1 0.81796875 0.30390625 0.06015625 0.0828125
1 0.62578125 0.27578125 0.0359375 0.01171875
1 0.60234375 0.29296875 0.0328125 0.0546875
3 0.18046875 0.24765625 0.0203125 0.01796875