1 0.40859375 0.46015625 0.140625 0.1421875
1 0.6703125 0.409375 0.0671875 0.07421875
1 0.9890625 0.42109375 0.01875 0.10078125
1 0.490625 0.39453125 0.06796875 0.0625
1 0.43125 0.38671875 0.04921875 0.04765625
1 0.553125 0.39765625 0.0703125 0.0640625
1 0.1875 0.42734375 0.0796875 0.09375
1 0.73671875 0.41171875 0.03515625 0.078125
1 0.3890625 0.3765625 0.05 0.03203125
1 0.92578125 0.42578125 0.12109375 0.09140625
1 0.971875 0.60390625 0.053125 0.30390625
1 0.22421875 0.38125 0.03671875 0.03515625
2 0.6203125 0.42890625 0.053125 0.0453125