0 0.475 0.62265625 0.11875 0.31171875
1 0.35546875 0.54765625 0.06328125 0.10859375
1 0.88828125 0.8796875 0.18046875 0.1921875
1 0.3140625 0.45703125 0.05546875 0.07890625
1 0.66484375 0.50625 0.0640625 0.07421875
1 0.71328125 0.57421875 0.08828125 0.10546875
1 0.55859375 0.36796875 0.07109375 0.04140625
1 0.37265625 0.3515625 0.025 0.0328125
1 0.37890625 0.33984375 0.02265625 0.034375
1 0.61875 0.44140625 0.040625 0.04375
1 0.6328125 0.46796875 0.0515625 0.06015625
1 0.553125 0.33671875 0.025 0.02109375
3 0.175 0.71015625 0.1453125 0.24921875
3 0.79296875 0.68359375 0.13515625 0.17421875
3 0.69453125 0.36875 0.03828125 0.06640625
1 0.54140625 0.33046875 0.01875 0.02421875
1 0.61953125 0.496875 0.5015625 0.58984375