1 0.91484375 0.69453125 0.06484375 0.0875
1 0.02421875 0.628125 0.04765625 0.0390625
2 0.73203125 0.690625 0.04453125 0.08203125
2 0.678125 0.6953125 0.05390625 0.065625
2 0.6203125 0.69453125 0.0453125 0.05625
2 0.56640625 0.69375 0.02421875 0.053125
2 0.51484375 0.69453125 0.04375 0.0578125
2 0.45390625 0.68828125 0.03515625 0.05390625
2 0.7796875 0.70390625 0.04765625 0.0546875
2 0.21953125 0.67109375 0.0953125 0.078125
2 0.13203125 0.6703125 0.09296875 0.07421875
2 0.325 0.67734375 0.07578125 0.071875
2 0.8421875 0.6984375 0.0578125 0.0734375
2 0.4125 0.6875 0.0421875 0.05859375
2 0.46953125 0.69140625 0.1828125 0.04609375