2 0.1859375 0.6671875 0.371875 0.303125
2 0.37265625 0.68984375 0.09921875 0.17421875
2 0.8734375 0.671875 0.24140625 0.15078125
2 0.43046875 0.6953125 0.06484375 0.125
2 0.72578125 0.69609375 0.07265625 0.084375
2 0.5921875 0.69765625 0.0421875 0.05625
2 0.65703125 0.6953125 0.06484375 0.07109375
2 0.61953125 0.696875 0.0328125 0.059375
2 0.46015625 0.69375 0.096875 0.0921875
2 0.684375 0.70234375 0.040625 0.0671875
2 0.734375 0.70234375 0.0578125 0.075
2 0.96484375 0.665625 0.0671875 0.05078125