1 0.81015625 0.59453125 0.184375 0.1328125
1 0.82265625 0.43671875 0.0671875 0.04921875
1 0.9453125 0.440625 0.10625 0.034375
1 0.08359375 0.4125 0.03359375 0.025
1 0.45234375 0.41328125 0.0265625 0.0234375
1 0.4421875 0.40078125 0.0453125 0.02578125
1 0.015625 0.40078125 0.0140625 0.0125
0 0.38515625 0.5625 0.35078125 0.278125
0 0.18515625 0.48515625 0.146875 0.1515625
1 0.246875 0.39609375 0.0203125 0.02734375
1 0.89296875 0.43671875 0.090625 0.0625
1 0.36015625 0.39140625 0.01640625 0.0140625
1 0.2890625 0.38671875 0.01171875 0.01484375