1 0.81015625 0.28984375 0.0671875 0.05234375
1 0.55078125 0.290625 0.09609375 0.05078125
1 0.20859375 0.30234375 0.034375 0.05078125
1 0.55859375 0.29296875 0.075 0.0453125
1 0.2765625 0.28515625 0.07890625 0.04453125
1 0.6609375 0.30546875 0.07578125 0.05859375
1 0.5171875 0.2921875 0.0671875 0.0484375
1 0.31640625 0.30078125 0.0578125 0.04921875
1 0.665625 0.26953125 0.0484375 0.02578125
1 0.3921875 0.303125 0.025 0.02265625
1 0.15625 0.29375 0.03203125 0.0296875
3 0.396875 0.2921875 0.10390625 0.06640625
3 0.75390625 0.2796875 0.05703125 0.06328125
1 0.12109375 0.2984375 0.059375 0.03046875
1 0.39453125 0.2859375 0.7859375 0.075