1 0.0234375 0.4875 0.040625 0.02734375
2 0.51875 0.6671875 0.22890625 0.22421875
2 0.69609375 0.66328125 0.15546875 0.184375
2 0.81953125 0.66328125 0.128125 0.146875
2 0.2890625 0.58515625 0.1203125 0.140625
2 0.359375 0.58359375 0.10546875 0.12421875
2 0.6390625 0.575 0.04765625 0.09375
2 0.81875 0.61640625 0.21171875 0.18984375
2 0.90703125 0.59765625 0.17421875 0.19453125
2 0.30078125 0.5234375 0.03359375 0.04296875
2 0.51875 0.57421875 0.0546875 0.11796875
2 0.1234375 0.58671875 0.0921875 0.175
1 0.27265625 0.48828125 0.0546875 0.03125
1 0.02734375 0.46796875 0.02890625 0.01796875
1 0.17109375 0.484375 0.05234375 0.03671875
2 0.6015625 0.54375 0.05390625 0.05546875
1 0.25078125 0.45546875 0.0328125 0.02890625
1 0.334375 0.4875 0.04375 0.03515625
1 0.3765625 0.4828125 0.05625 0.03125
1 0.3484375 0.4671875 0.03359375 0.02265625
2 0.49765625 0.5546875 0.9953125 0.1734375