1 0.628125 0.625 0.05078125 0.02578125
3 0.54609375 0.8578125 0.128125 0.215625
3 0.6734375 0.68203125 0.12109375 0.05625
3 0.6921875 0.65625 0.0875 0.03359375
3 0.69296875 0.634375 0.08046875 0.03359375
1 0.72109375 0.5578125 0.0359375 0.01953125
3 0.69765625 0.5875 0.0953125 0.04609375
3 0.96796875 0.72265625 0.0609375 0.05859375
3 0.97421875 0.74921875 0.0484375 0.06875
3 0.4734375 0.5484375 0.0421875 0.0375
1 0.47421875 0.54921875 0.04140625 0.03984375
1 0.9328125 0.69140625 0.04296875 0.040625
1 0.253125 0.6234375 0.0546875 0.04609375
3 0.965625 0.69375 0.065625 0.046875