0 0.25 0.84921875 0.5 0.2765625
1 0.84609375 0.87109375 0.08828125 0.05234375
1 0.8671875 0.85234375 0.08515625 0.0390625
1 0.88515625 0.84140625 0.0578125 0.0265625
1 0.7625 0.84296875 0.0609375 0.04765625
1 0.78515625 0.81015625 0.01640625 0.01171875
1 0.534375 0.83671875 0.08046875 0.0421875
1 0.63125 0.83125 0.03828125 0.02265625
1 0.58203125 0.8375 0.03203125 0.0328125
1 0.60234375 0.8328125 0.028125 0.02578125
1 0.65625 0.82421875 0.040625 0.0296875
1 0.75078125 0.81171875 0.02734375 0.01171875
1 0.684375 0.81953125 0.0328125 0.02578125
1 0.9140625 0.8390625 0.02265625 0.02890625
1 0.67734375 0.828125 0.48203125 0.0625