1 0.10078125 0.2984375 0.00625 0.01171875
1 0.05234375 0.30625 0.01328125 0.01640625
1 0.02109375 0.3125 0.015625 0.009375
3 0.16796875 0.678125 0.1265625 0.0796875
3 0.49609375 0.26640625 0.03203125 0.025
3 0.08203125 0.30078125 0.015625 0.01953125
3 0.1015625 0.29609375 0.03203125 0.025
3 0.3640625 0.26171875 0.02734375 0.02109375
1 0.03828125 0.30703125 0.01640625 0.0140625
1 0.08046875 0.3 0.01328125 0.01796875
1 0.09296875 0.3 0.01171875 0.0140625
3 0.11796875 0.28828125 0.0265625 0.01640625
3 0.05234375 0.3015625 0.0140625 0.0234375