1 0.53671875 0.6984375 0.92265625 0.571875
1 0.64453125 0.42109375 0.3140625 0.03984375
1 0.2921875 0.425 0.146875 0.1234375
1 0.3875 0.41484375 0.08046875 0.09140625
1 0.41953125 0.3953125 0.1078125 0.05859375
1 0.69375 0.40390625 0.22421875 0.05078125
1 0.67265625 0.415625 0.26875 0.05078125
1 0.52265625 0.3890625 0.06484375 0.04453125
1 0.48125 0.39453125 0.05546875 0.05859375
1 0.73828125 0.36640625 0.0390625 0.0109375
3 0.5375 0.6984375 0.9203125 0.578125
0 0.1125 0.40859375 0.225 0.3140625