1 0.60703125 0.725 0.1734375 0.296875
1 0.11484375 0.62578125 0.21640625 0.17734375
1 0.44140625 0.534375 0.1390625 0.0828125
1 0.51953125 0.57578125 0.12109375 0.13046875
1 0.4203125 0.446875 0.03515625 0.01953125
1 0.096875 0.4921875 0.11484375 0.05390625
1 0.34296875 0.62890625 0.28671875 0.22890625
1 0.2296875 0.459375 0.06328125 0.05
1 0.4 0.471875 0.04609375 0.04609375
1 0.06796875 0.55625 0.1359375 0.10234375
3 0.340625 0.39609375 0.02734375 0.0359375
1 0.3390625 0.43203125 0.028125 0.028125
3 0.30078125 0.45703125 0.06328125 0.065625
1 0.4703125 0.46484375 0.03828125 0.03828125
1 0.525 0.64453125 0.934375 0.52734375