1 0.27734375 0.55234375 0.08671875 0.1140625
1 0.371875 0.5234375 0.0671875 0.08359375
1 0.42265625 0.521875 0.0421875 0.0640625
2 0.66328125 0.88515625 0.1640625 0.20703125
2 0.13125 0.83671875 0.20625 0.29453125
2 0.32734375 0.63984375 0.03515625 0.10390625
2 0.55234375 0.63828125 0.0234375 0.08359375
2 0.47421875 0.6359375 0.028125 0.08203125
2 0.51953125 0.59765625 0.0203125 0.059375
2 0.0296875 0.75703125 0.059375 0.26171875
2 0.50546875 0.565625 0.0125 0.0421875
2 0.19453125 0.52421875 0.0109375 0.02265625
2 0.446875 0.54765625 0.00859375 0.03671875