3 0.44375 0.7359375 0.11953125 0.09140625
1 0.16015625 0.77109375 0.121875 0.09609375
1 0.24921875 0.7734375 0.07265625 0.0578125
1 0.3046875 0.7703125 0.0546875 0.05390625
1 0.35859375 0.76171875 0.05625 0.04609375
1 0.56484375 0.74375 0.0359375 0.03046875
1 0.584375 0.74296875 0.02109375 0.02421875
1 0.6015625 0.73984375 0.01875 0.02265625
1 0.7234375 0.73125 0.0171875 0.01796875
1 0.7046875 0.7296875 0.00859375 0.0140625
1 0.61328125 0.7359375 0.02421875 0.02890625
1 0.68828125 0.73125 0.01640625 0.015625
1 0.6953125 0.728125 0.01328125 0.0171875
1 0.79453125 0.7671875 0.134375 0.14375
3 0.6375 0.7265625 0.03203125 0.0421875