1 0.70703125 0.75703125 0.06640625 0.06171875
1 0.47890625 0.765625 0.09296875 0.059375
1 0.5828125 0.75703125 0.04609375 0.04375
1 0.54140625 0.75625 0.05859375 0.053125
1 0.63984375 0.74921875 0.03125 0.034375
1 0.61875 0.753125 0.03203125 0.0375
1 0.23984375 0.72421875 0.06640625 0.03359375
1 0.6703125 0.7484375 0.03203125 0.034375
1 0.3453125 0.725 0.065625 0.03515625
1 0.74609375 0.740625 0.0203125 0.0109375
3 0.7984375 0.7671875 0.08125 0.096875
3 0.1921875 0.7125 0.04765625 0.03515625
3 0.46328125 0.73203125 0.11484375 0.0578125
1 0.5234375 0.7296875 0.0203125 0.0125