1 0.3296875 0.08203125 0.0234375 0.01640625
1 0.359375 0.090625 0.03671875 0.02265625
1 0.2515625 0.090625 0.02265625 0.0171875
1 0.2625 0.1 0.02578125 0.01875
1 0.14609375 0.23984375 0.08046875 0.02890625
0 0.25 0.209375 0.23359375 0.078125
1 0.30859375 0.07890625 0.02265625 0.01171875
3 0.684375 0.16640625 0.09609375 0.09921875
3 0.08125 0.55390625 0.10625 0.05078125
3 0.2921875 0.5015625 0.090625 0.04609375
1 0.22734375 0.0859375 0.0296875 0.02265625
1 0.3796875 0.09921875 0.021875 0.02109375
1 0.371875 0.09765625 0.025 0.02109375
1 0.41953125 0.0796875 0.025 0.02265625
1 0.23125 0.09140625 0.0234375 0.0203125
3 0.396875 0.103125 0.040625 0.02265625
1 0.3 0.07890625 0.021875 0.015625
1 0.359375 0.09375 0.028125 0.0375