1 0.73671875 0.93125 0.10078125 0.11953125
1 0.740625 0.953125 0.078125 0.090625
1 0.065625 0.95625 0.05078125 0.08046875
1 0.3578125 0.76875 0.05625 0.05546875
1 0.3859375 0.73125 0.05234375 0.0625
1 0.43125 0.621875 0.04140625 0.046875
1 0.446875 0.5703125 0.0359375 0.040625
1 0.40625 0.66875 0.05078125 0.0640625
1 0.453125 0.54375 0.0375 0.0296875
1 0.47578125 0.4734375 0.03515625 0.034375
3 0.6 0.4953125 0.05078125 0.10390625
3 0.53046875 0.57421875 0.0578125 0.12421875
3 0.478125 0.72109375 0.06953125 0.10859375
3 0.51875 0.51796875 0.04453125 0.07109375
3 0.41875 0.82734375 0.19921875 0.11015625
3 0.50703125 0.6296875 0.06171875 0.13984375
3 0.53828125 0.459375 0.0484375 0.11640625
3 0.5203125 0.48203125 0.05078125 0.06796875
3 0.73984375 0.934375 0.0984375 0.1234375
1 0.25 0.928125 0.07734375 0.096875
1 0.70703125 0.665625 0.03828125 0.04765625
3 0.47890625 0.675 0.071875 0.09375
3 0.17890625 0.93984375 0.096875 0.0859375
3 0.578125 0.87109375 0.2078125 0.12734375
1 0.48828125 0.42890625 0.0921875 0.20859375