1 0.253125 0.853125 0.07734375 0.10625
1 0.56328125 0.7984375 0.071875 0.10390625
1 0.76484375 0.8421875 0.16328125 0.1703125
1 0.84453125 0.7453125 0.06640625 0.06328125
1 0.8578125 0.83828125 0.12265625 0.13203125
1 0.47890625 0.8578125 0.115625 0.1203125
1 0.6921875 0.7859375 0.06015625 0.10078125
3 0.37890625 0.8046875 0.09765625 0.1078125
1 0.1671875 0.834375 0.12890625 0.090625
1 0.4109375 0.82890625 0.08359375 0.0515625
1 0.08515625 0.8390625 0.1046875 0.08203125
3 0.6890625 0.7890625 0.05859375 0.0953125
3 0.296875 0.84296875 0.04296875 0.1546875
3 0.84765625 0.7546875 0.07265625 0.0828125
1 0.8875 0.76640625 0.0734375 0.059375
3 0.765625 0.796875 0.1578125 0.07734375