1 0.4921875 0.759375 0.15234375 0.07578125
1 0.25703125 0.7375 0.1109375 0.05234375
1 0.32890625 0.7265625 0.08515625 0.04375
1 0.37421875 0.7125 0.065625 0.0390625
1 0.42109375 0.70859375 0.053125 0.034375
1 0.4625 0.703125 0.0359375 0.02578125
1 0.484375 0.69921875 0.0421875 0.025
1 0.12734375 0.7640625 0.19453125 0.0796875
1 0.58359375 0.73125 0.075 0.05390625
1 0.6171875 0.71875 0.0734375 0.0421875
1 0.525 0.69140625 0.0375 0.02109375
1 0.634375 0.70390625 0.0640625 0.034375
1 0.50390625 0.69453125 0.03515625 0.02109375