1 0.4359375 0.878125 0.084375 0.1375
1 0.7140625 0.8359375 0.0578125 0.05859375
1 0.67890625 0.83359375 0.03359375 0.0671875
1 0.59296875 0.80625 0.021875 0.03828125
1 0.45390625 0.8375 0.06953125 0.0984375
1 0.659375 0.8234375 0.0546875 0.07265625
1 0.78125 0.85390625 0.0859375 0.08984375
1 0.73984375 0.85390625 0.04296875 0.08046875
1 0.5640625 0.79609375 0.01640625 0.02734375
1 0.82734375 0.87265625 0.090625 0.10859375
1 0.61953125 0.8109375 0.03203125 0.05625
1 0.634375 0.8171875 0.0296875 0.06015625