1 0.21640625 0.58203125 0.0359375 0.03046875
1 0.953125 0.7125 0.09296875 0.14375
1 0.67734375 0.578125 0.06796875 0.04375
1 0.17734375 0.5671875 0.0234375 0.028125
1 0.85859375 0.55703125 0.03984375 0.0234375
1 0.53125 0.5640625 0.0421875 0.0140625
1 0.6265625 0.5640625 0.0328125 0.01796875
3 0.74765625 0.56171875 0.096875 0.046875
3 0.39140625 0.584375 0.1265625 0.08203125
3 0.67578125 0.578125 0.0703125 0.04140625
1 0.1640625 0.56015625 0.01875 0.025
1 0.9734375 0.5546875 0.01875 0.0125
1 0.30234375 0.56484375 0.02109375 0.0109375
1 0.01875 0.625 0.02890625 0.0421875
1 0.134375 0.56953125 0.0234375 0.0296875
1 0.6015625 0.56484375 0.79375 0.05390625