1 0.87890625 0.2828125 0.04609375 0.02578125
1 0.9015625 0.27578125 0.02578125 0.015625
1 0.85234375 0.27421875 0.0328125 0.01171875
1 0.85 0.2625 0.02890625 0.01875
1 0.73984375 0.278125 0.0265625 0.01484375
1 0.778125 0.25546875 0.034375 0.021875
1 0.96796875 0.23984375 0.0375 0.021875
1 0.93125 0.27890625 0.03203125 0.02109375
1 0.75859375 0.25 0.03125 0.02734375
1 0.8890625 0.24765625 0.03046875 0.01484375
1 0.92265625 0.24140625 0.03671875 0.015625
1 0.93984375 0.2609375 0.0125 0.0140625
1 0.80390625 0.26640625 0.02890625 0.0234375
1 0.53046875 0.18359375 0.9359375 0.22265625