1 0.1046875 0.1703125 0.0765625 0.0328125
1 0.52265625 0.1765625 0.0484375 0.040625
1 0.14375 0.1453125 0.02421875 0.01953125
1 0.22890625 0.16328125 0.04375 0.03203125
1 0.28671875 0.17578125 0.03671875 0.04375
1 0.053125 0.16328125 0.0390625 0.0375
3 0.1796875 0.1375 0.03359375 0.03515625
1 0.39140625 0.15546875 0.0234375 0.01875
1 0.67578125 0.1765625 0.059375 0.034375
1 0.60234375 0.17265625 0.0328125 0.03125
1 0.19765625 0.1640625 0.040625 0.040625
1 0.0171875 0.16484375 0.034375 0.03671875
1 0.2484375 0.17109375 0.03046875 0.03828125
1 0.33671875 0.15234375 0.03671875 0.025
1 0.42421875 0.1671875 0.82421875 0.075