1 0.590625 0.70859375 0.04453125 0.02265625
1 0.50390625 0.70859375 0.0453125 0.02421875
1 0.6640625 0.70234375 0.0375 0.01796875
1 0.15859375 0.71796875 0.0546875 0.03046875
1 0.065625 0.72265625 0.09375 0.04453125
1 0.546875 0.70234375 0.0375 0.02578125
1 0.33359375 0.70625 0.03828125 0.02265625
1 0.3546875 0.70703125 0.03515625 0.0171875
1 0.38125 0.6953125 0.071875 0.021875
1 0.63359375 0.67890625 0.03046875 0.0109375
1 0.6125 0.70234375 0.0296875 0.0234375
1 0.5640625 0.703125 0.01796875 0.0203125
1 0.25546875 0.7140625 0.08671875 0.02734375
1 0.5515625 0.690625 0.28046875 0.040625