1 0.4484375 0.91015625 0.05234375 0.05390625
1 0.20703125 0.90234375 0.03046875 0.0375
1 0.14765625 0.9046875 0.03984375 0.0515625
1 0.17890625 0.896875 0.03046875 0.028125
1 0.2390625 0.89765625 0.0375 0.028125
1 0.3765625 0.90234375 0.03828125 0.0390625
1 0.28359375 0.89453125 0.04921875 0.034375
1 0.421875 0.9109375 0.01875 0.040625
1 0.4171875 0.9078125 0.02734375 0.03984375
1 0.39375 0.9046875 0.03359375 0.03828125
1 0.53828125 0.91171875 0.053125 0.0828125
1 0.63671875 0.93984375 0.03984375 0.09609375