2 0.5359375 0.48203125 0.71015625 0.959375
2 0.4328125 0.284375 0.4140625 0.39296875
1 0.9265625 0.13515625 0.14375 0.13828125
1 0.51484375 0.11171875 0.1125 0.075
1 0.63984375 0.10703125 0.078125 0.06328125
3 0.2515625 0.12578125 0.22578125 0.16953125
3 0.6953125 0.09296875 0.06171875 0.075
3 0.87265625 0.075 0.0515625 0.03203125
1 0.884375 0.11796875 0.1015625 0.10859375
1 0.828125 0.10390625 0.02578125 0.0265625
1 0.79765625 0.096875 0.0390625 0.0453125
3 0.73515625 0.0953125 0.04375 0.05546875