0 0.24453125 0.44921875 0.44375 0.23828125
0 0.6734375 0.43671875 0.5 0.265625
1 0.021875 0.31484375 0.03359375 0.02734375
1 0.0453125 0.31796875 0.0328125 0.025
1 0.09453125 0.3203125 0.028125 0.02421875
1 0.11953125 0.33203125 0.02734375 0.01328125
1 0.31875 0.32421875 0.0328125 0.01328125
1 0.3109375 0.31171875 0.0328125 0.021875
1 0.41328125 0.32578125 0.0296875 0.0171875
1 0.3875 0.303125 0.03203125 0.0265625
1 0.44296875 0.30703125 0.02421875 0.01640625
1 0.8796875 0.34375 0.04140625 0.03125
1 0.890625 0.33203125 0.021875 0.01796875
1 0.9640625 0.33359375 0.0484375 0.02890625
1 0.92109375 0.328125 0.04921875 0.0234375
1 0.1375 0.30390625 0.146875 0.07109375