0 0.315625 0.59296875 0.1640625 0.2484375
0 0.63359375 0.3375 0.0796875 0.09609375
3 0.55078125 0.43046875 0.0671875 0.0984375
3 0.9265625 0.65859375 0.128125 0.14453125
3 0.81171875 0.54140625 0.09375 0.10546875
1 0.096875 0.88125 0.1484375 0.16171875
0 0.640625 0.2796875 0.059375 0.04609375
0 0.69375 0.31484375 0.05234375 0.078125
0 0.546875 0.23359375 0.02890625 0.02109375
0 0.54140625 0.340625 0.05546875 0.06796875
0 0.6140625 0.40703125 0.08046875 0.128125
1 0.075 0.9375 0.15 0.121875
1 0.15859375 0.6890625 0.121875 0.1875
1 0.084375 0.6125 0.0828125 0.10078125
1 0.334375 0.76875 0.1109375 0.13203125
1 0.12734375 0.53984375 0.07734375 0.07265625
1 0.2203125 0.509375 0.06171875 0.04765625
1 0.20078125 0.4671875 0.0703125 0.0796875
1 0.26796875 0.40625 0.0375 0.0421875
1 0.646875 0.7296875 0.10703125 0.11796875
1 0.684375 0.88046875 0.140625 0.17265625
1 0.94921875 0.96328125 0.0984375 0.04375
2 0.5453125 0.70078125 0.025 0.05625
3 0.803125 0.640625 0.11484375 0.11875
3 0.6015625 0.403125 0.10859375 0.12578125
1 0.08984375 0.78828125 0.1421875 0.1484375
3 0.3125 0.3359375 0.05390625 0.06328125
3 0.3484375 0.29921875 0.02578125 0.03125
3 0.8703125 0.86328125 0.1609375 0.2
1 0.5 0.64140625 0.99375 0.7125