0 0.7046875 0.18984375 0.275 0.11484375
1 0.10859375 0.74921875 0.16484375 0.215625
1 0.05546875 0.55390625 0.11015625 0.171875
1 0.26171875 0.4671875 0.09609375 0.12109375
1 0.00703125 0.31640625 0.0140625 0.06328125
1 0.21875 0.3125 0.0890625 0.09765625
1 0.09296875 0.30234375 0.10625 0.109375
1 0.58046875 0.37890625 0.09765625 0.1015625
1 0.7921875 0.45234375 0.13515625 0.1609375
1 0.6671875 0.30390625 0.07421875 0.09453125
1 0.3296875 0.56640625 0.103125 0.14453125
1 0.33515625 0.3546875 0.1 0.1296875
1 0.709375 0.36953125 0.10390625 0.11953125
1 0.04765625 0.4 0.09140625 0.11953125
1 0.503125 0.525 0.990625 0.55625