0 0.64609375 0.60234375 0.14375 0.153125
0 0.2578125 0.628125 0.515625 0.2328125
1 0.52734375 0.64140625 0.07265625 0.06953125
1 0.91015625 0.77578125 0.1765625 0.42265625
1 0.05078125 0.73046875 0.1015625 0.1765625
1 0.7515625 0.55234375 0.028125 0.02890625
1 0.7703125 0.534375 0.02734375 0.0328125
1 0.5484375 0.6203125 0.0609375 0.08359375
1 0.73125 0.5640625 0.03984375 0.03203125
1 0.7859375 0.52890625 0.021875 0.0328125
1 0.87109375 0.52421875 0.021875 0.0171875
1 0.909375 0.525 0.0078125 0.028125