0 0.48046875 0.58046875 0.346875 0.390625
1 0.1078125 0.59765625 0.10234375 0.07734375
1 0.1 0.54921875 0.059375 0.03359375
1 0.28203125 0.584375 0.0453125 0.04921875
1 0.27734375 0.54296875 0.0359375 0.02265625
1 0.1890625 0.5484375 0.04453125 0.03046875
1 0.2078125 0.54375 0.03125 0.02734375
1 0.14765625 0.54765625 0.04765625 0.03359375
1 0.05390625 0.553125 0.07890625 0.040625
1 0.12109375 0.55 0.05625 0.03125
1 0.175 0.5484375 0.0328125 0.02890625
1 0.89296875 0.5421875 0.01875 0.0203125
1 0.2265625 0.54453125 0.03515625 0.03203125