1 0.50078125 0.5171875 0.109375 0.084375
1 0.628125 0.5 0.059375 0.059375
1 0.20546875 0.48984375 0.053125 0.0578125
1 0.4125 0.47890625 0.03984375 0.02734375
2 0.3515625 0.50546875 0.028125 0.04921875
2 0.38359375 0.50234375 0.0375 0.04140625
2 0.4109375 0.5078125 0.01640625 0.0390625
2 0.43515625 0.51015625 0.04140625 0.04140625
2 0.240625 0.51171875 0.06015625 0.04765625
2 0.2890625 0.51015625 0.04375 0.0375
2 0.04921875 0.51875 0.02890625 0.0578125
2 0.71953125 0.50546875 0.01796875 0.03671875
2 0.58046875 0.5421875 0.0484375 0.125
2 0.97265625 0.7 0.0515625 0.09609375
2 0.54921875 0.4859375 0.0078125 0.02109375
1 0.59921875 0.465625 0.0203125 0.0203125
2 0.9609375 0.59453125 0.075 0.13515625
2 0.51796875 0.52578125 0.6671875 0.14375