1 0.05390625 0.62265625 0.1078125 0.18984375
1 0.12265625 0.54375 0.03125 0.03671875
1 0.0859375 0.54765625 0.06171875 0.059375
1 0.35390625 0.52421875 0.04921875 0.0359375
1 0.4859375 0.525 0.0203125 0.034375
1 0.4546875 0.51640625 0.0421875 0.03984375
1 0.978125 0.51015625 0.040625 0.04921875
2 0.41640625 0.8234375 0.509375 0.34375
2 0.4 0.7015625 0.3109375 0.21484375
1 0.11484375 0.51953125 0.04921875 0.015625
3 0.1765625 0.53828125 0.08046875 0.09140625
1 0.38671875 0.52421875 0.028125 0.03828125
2 0.3125 0.58671875 0.1390625 0.10859375
2 0.65390625 0.91953125 0.41875 0.1296875
2 0.5359375 0.71484375 0.18828125 0.1359375
2 0.35859375 0.6375 0.21953125 0.1875
2 0.71640625 0.87734375 0.17734375 0.1453125
2 0.4140625 0.63046875 0.165625 0.10546875