3 0.7875 0.36796875 0.16875 0.28828125
1 0.94453125 0.46796875 0.1078125 0.17265625
1 0.62109375 0.42890625 0.1015625 0.0859375
1 0.8859375 0.4484375 0.0515625 0.1015625
1 0.42421875 0.42734375 0.0703125 0.05
1 0.38984375 0.42109375 0.04375 0.0390625
1 0.3109375 0.42578125 0.07421875 0.05
1 0.14921875 0.440625 0.11640625 0.09375
1 0.24375 0.42578125 0.0671875 0.04609375
1 0.91171875 0.446875 0.06328125 0.121875
1 0.0515625 0.446875 0.1015625 0.1109375
1 0.35859375 0.425 0.059375 0.0453125
1 0.546875 0.421875 0.0390625 0.03203125
1 0.88125 0.41796875 0.04140625 0.03984375
1 0.790625 0.41328125 0.3125 0.48984375