1 0.79921875 0.8296875 0.090625 0.121875
1 0.9546875 0.75234375 0.0828125 0.07578125
1 0.78359375 0.46484375 0.03203125 0.03046875
1 0.734375 0.4640625 0.02890625 0.0234375
1 0.496875 0.73828125 0.0859375 0.084375
1 0.7921875 0.42265625 0.0234375 0.0203125
1 0.92109375 0.39375 0.02109375 0.01328125
1 0.98125 0.48359375 0.0359375 0.0265625
3 0.771875 0.61875 0.1109375 0.11328125
3 0.8078125 0.35390625 0.01875 0.03359375
1 0.809375 0.9734375 0.1140625 0.04921875
1 0.78671875 0.44453125 0.03515625 0.02109375
1 0.72109375 0.41796875 0.0171875 0.0234375
1 0.753125 0.40859375 0.02734375 0.0234375
0 0.940625 0.634375 0.0890625 0.0921875
1 0.55390625 0.65 0.07109375 0.05625
3 0.7890625 0.33828125 0.01640625 0.0140625
1 0.78046875 0.4828125 0.43515625 0.4