1 0.98203125 0.45859375 0.0328125 0.3203125
2 0.34375 0.56875 0.2578125 0.646875
2 0.47421875 0.37734375 0.09765625 0.23359375
2 0.840625 0.26328125 0.0671875 0.22578125
2 0.53203125 0.29375 0.15859375 0.29375
2 0.74375 0.2859375 0.07734375 0.24765625
2 0.26875 0.6078125 0.3140625 0.62734375
2 0.3625 0.4265625 0.24921875 0.4609375
2 0.490625 0.30078125 0.1890625 0.3109375
2 0.57890625 0.24296875 0.05390625 0.08984375
2 0.18984375 0.6484375 0.3796875 0.6984375
2 0.7921875 0.29296875 0.06875 0.20625
2 0.76328125 0.184375 0.0203125 0.0296875
2 0.275 0.65859375 0.26484375 0.65
2 0.6578125 0.4328125 0.68125 0.57890625