1 0.66796875 0.259375 0.13125 0.13359375
1 0.8640625 0.278125 0.20078125 0.14140625
1 0.5203125 0.296875 0.240625 0.24375
1 0.27578125 0.24453125 0.12265625 0.13984375
1 0.36484375 0.240625 0.0890625 0.09296875
3 0.02890625 0.21875 0.0265625 0.04921875
1 0.59609375 0.23671875 0.0828125 0.115625
1 0.21015625 0.228125 0.0265625 0.06328125
1 0.0890625 0.2234375 0.02265625 0.0328125
1 0.09609375 0.20859375 0.01875 0.01171875
3 0.15078125 0.18671875 0.08515625 0.15546875
1 0.928125 0.22421875 0.07578125 0.040625