1 0.7125 0.7875 0.146875 0.10078125
1 0.66875 0.7375 0.14453125 0.065625
1 0.6453125 0.721875 0.153125 0.0796875
1 0.290625 0.80390625 0.0703125 0.08984375
1 0.27578125 0.73828125 0.05703125 0.075
1 0.28671875 0.75 0.06484375 0.0671875
1 0.67109375 0.76015625 0.10390625 0.08515625
1 0.62265625 0.68515625 0.12421875 0.05859375
1 0.45625 0.4734375 0.4515625 0.5015625
3 0.48046875 0.48359375 0.07734375 0.04140625
3 0.578125 0.61484375 0.10703125 0.065625
3 0.46328125 0.41484375 0.071875 0.03359375
3 0.60859375 0.6390625 0.159375 0.08046875
3 0.43828125 0.434375 0.09609375 0.04921875