2 0.89765625 0.78359375 0.1265625 0.16796875
2 0.76953125 0.7640625 0.11875 0.13671875
2 0.6625 0.73671875 0.10546875 0.171875
2 0.55859375 0.7484375 0.1140625 0.1203125
2 0.47734375 0.73671875 0.08359375 0.1109375
2 0.3921875 0.72734375 0.1078125 0.10703125
2 0.3265625 0.7203125 0.0828125 0.096875
2 0.3046875 0.69609375 0.10859375 0.10703125
2 0.07265625 0.67265625 0.07578125 0.0828125
2 0.2515625 0.68671875 0.05234375 0.1109375
2 0.109375 0.68515625 0.0453125 0.065625
2 0.1234375 0.69765625 0.02578125 0.05