1 0.62421875 0.45625 0.06171875 0.0453125
0 0.05546875 0.35 0.0453125 0.0703125
1 0.63671875 0.42734375 0.06484375 0.053125
1 0.6609375 0.56953125 0.09765625 0.10859375
1 0.81953125 0.60390625 0.115625 0.134375
1 0.7140625 0.7484375 0.1140625 0.153125
1 0.91015625 0.73203125 0.1375 0.1640625
1 0.9 0.5578125 0.090625 0.0953125
1 0.63125 0.51015625 0.071875 0.10078125
1 0.83515625 0.45 0.05859375 0.07109375
1 0.74609375 0.52578125 0.0640625 0.0828125
1 0.73046875 0.4890625 0.0625 0.06953125
1 0.709375 0.3609375 0.034375 0.04140625
0 0.1125 0.3421875 0.07578125 0.10390625
1 0.7140625 0.340625 0.0328125 0.03828125
1 0.45234375 0.53203125 0.8953125 0.75390625