1 0.96171875 0.95703125 0.0765625 0.0828125
1 0.4640625 0.83828125 0.11171875 0.075
1 0.39296875 0.7953125 0.04140625 0.046875
1 0.3640625 0.75859375 0.0265625 0.02734375
1 0.4484375 0.75234375 0.025 0.0265625
1 0.6078125 0.8640625 0.103125 0.0984375
1 0.4171875 0.76171875 0.025 0.02734375
1 0.3125 0.78671875 0.0375 0.0484375
1 0.40625 0.7828125 0.0359375 0.0390625
1 0.40859375 0.75078125 0.02265625 0.02109375
1 0.43828125 0.728125 0.0171875 0.02421875
1 0.40078125 0.70234375 0.0171875 0.00859375
1 0.421875 0.7109375 0.0140625 0.0171875
1 0.42421875 0.71640625 0.0640625 0.09609375