1 0.16015625 0.575 0.01953125 0.0171875
1 0.175 0.56875 0.01875 0.025
1 0.2078125 0.5703125 0.04140625 0.02890625
1 0.70390625 0.5703125 0.05625 0.02890625
1 0.28125 0.57265625 0.0453125 0.01953125
1 0.44765625 0.57265625 0.0203125 0.01875
1 0.5890625 0.57265625 0.0375 0.01875
1 0.61640625 0.57421875 0.02421875 0.01328125
1 0.51015625 0.57109375 0.05 0.02421875
1 0.3484375 0.56484375 0.02578125 0.025
1 0.38984375 0.5640625 0.02265625 0.0140625
1 0.3671875 0.57265625 0.009375 0.0125
1 0.4765625 0.56640625 0.03125 0.021875
1 0.52109375 0.56484375 0.8578125 0.04921875