1 0.9703125 0.66953125 0.05390625 0.0609375
1 0.90390625 0.66015625 0.14140625 0.05390625
1 0.73359375 0.64375 0.10078125 0.05078125
1 0.8203125 0.6546875 0.1109375 0.05234375
1 0.15078125 0.63203125 0.0671875 0.03125
1 0.6484375 0.64453125 0.0765625 0.03359375
1 0.6125 0.640625 0.0421875 0.028125
1 0.46484375 0.64453125 0.03515625 0.0375
3 0.596875 0.63046875 0.06875 0.04296875
1 0.49296875 0.6328125 0.0390625 0.021875
1 0.53515625 0.62890625 0.0375 0.01640625
1 0.27265625 0.6390625 0.1078125 0.03515625
3 0.07734375 0.63515625 0.09375 0.0578125
1 0.56015625 0.6359375 0.0203125 0.021875