2 0.48046875 0.84921875 0.9609375 0.29765625
1 0.490625 0.440625 0.06015625 0.0453125
2 0.41953125 0.790625 0.7234375 0.41484375
2 0.48828125 0.65859375 0.44609375 0.23671875
2 0.5015625 0.56875 0.24375 0.13671875
2 0.9421875 0.48515625 0.05859375 0.059375
2 0.49609375 0.5390625 0.1875 0.04921875
2 0.5125 0.5890625 0.23046875 0.12109375
2 0.8390625 0.4765625 0.0296875 0.04140625
2 0.5296875 0.484375 0.10859375 0.07109375
2 0.97734375 0.48046875 0.0421875 0.0796875
2 0.54609375 0.4703125 0.078125 0.05859375
2 0.63984375 0.51171875 0.10390625 0.14765625
2 0.671875 0.4921875 0.50625 0.1078125