1 0.84296875 0.8796875 0.096875 0.09375
1 0.084375 0.909375 0.13671875 0.153125
1 0.7390625 0.88125 0.046875 0.06640625
1 0.171875 0.903125 0.04921875 0.08828125
1 0.340625 0.871875 0.03671875 0.053125
1 0.378125 0.87109375 0.05703125 0.05859375
1 0.2640625 0.865625 0.03515625 0.04453125
1 0.19609375 0.87734375 0.03515625 0.06640625
1 0.48671875 0.8578125 0.0375 0.03984375
1 0.61171875 0.8640625 0.0390625 0.05859375
1 0.29765625 0.85078125 0.025 0.028125
1 0.684375 0.8734375 0.02890625 0.075
1 0.640625 0.875 0.02734375 0.04296875
0 0.39921875 0.83125 0.11328125 0.0265625
1 0.40703125 0.9078125 0.8109375 0.18046875