0 0.6015625 0.32421875 0.44296875 0.21328125
1 0.23984375 0.67734375 0.4765625 0.5421875
1 0.63984375 0.43828125 0.14296875 0.16171875
1 0.92734375 0.48671875 0.1140625 0.2453125
1 0.6203125 0.39296875 0.11171875 0.1015625
1 0.884375 0.46015625 0.08515625 0.2140625
3 0.88984375 0.35625 0.2171875 0.3109375
3 0.96953125 0.49765625 0.0578125 0.34609375
3 0.4046875 0.3890625 0.08984375 0.115625
1 0.1578125 0.40546875 0.31484375 0.2609375
0 0.890625 0.36328125 0.215625 0.3046875
1 0.4 0.39453125 0.05703125 0.05703125