1 0.803125 0.86796875 0.38984375 0.1390625
1 0.3140625 0.85546875 0.20078125 0.10078125
1 0.41015625 0.83359375 0.1140625 0.05703125
1 0.2609375 0.184375 0.08984375 0.04609375
1 0.221875 0.81796875 0.05 0.028125
1 0.15546875 0.8140625 0.03671875 0.01796875
1 0.62890625 0.82109375 0.10234375 0.0453125
3 0.6890625 0.48125 0.60703125 0.3
3 0.25859375 0.4859375 0.1515625 0.0875
3 0.46796875 0.18125 0.3140625 0.18671875
1 0.3765625 0.4953125 0.0421875 0.01328125
1 0.721875 0.184375 0.090625 0.02734375
1 0.1875 0.8140625 0.0359375 0.02734375
1 0.1265625 0.81328125 0.015625 0.01328125
1 0.11796875 0.81328125 0.01484375 0.0140625
3 0.125 0.4859375 0.0828125 0.053125
3 0.89765625 0.18828125 0.20078125 0.0734375