1 0.26796875 0.8078125 0.0234375 0.02421875
1 0.28046875 0.83515625 0.025 0.02734375
1 0.29453125 0.8765625 0.02578125 0.0375
1 0.32265625 0.9 0.03125 0.0359375
1 0.23046875 0.85390625 0.02734375 0.03125
1 0.24296875 0.83203125 0.02109375 0.02890625
1 0.225 0.79453125 0.02109375 0.0296875
1 0.371875 0.76328125 0.01875 0.0265625
1 0.21015625 0.7796875 0.01640625 0.01875
1 0.23046875 0.81484375 0.0203125 0.0265625
1 0.246875 0.79140625 0.01875 0.0203125
1 0.2015625 0.80625 0.02421875 0.02734375
1 0.275 0.8984375 0.02890625 0.03359375
1 0.36640625 0.68984375 0.4578125 0.40078125