1 0.140625 0.6359375 0.0671875 0.0671875
1 0.87890625 0.66015625 0.2390625 0.29921875
1 0.45234375 0.625 0.04609375 0.0671875
1 0.54296875 0.63359375 0.06015625 0.10546875
1 0.5 0.63203125 0.05078125 0.08828125
1 0.42578125 0.61875 0.01953125 0.05078125
1 0.39765625 0.628125 0.0234375 0.02578125
1 0.321875 0.62109375 0.0234375 0.03359375
1 0.3578125 0.62265625 0.01640625 0.02890625
1 0.66640625 0.65 0.08125 0.1171875
1 0.1875 0.62265625 0.04296875 0.06171875
1 0.65703125 0.60546875 0.046875 0.04921875
1 0.2390625 0.625 0.0453125 0.059375
1 0.309375 0.61875 0.2125 0.0546875