2 0.6546875 0.6546875 0.18828125 0.18984375
2 0.50625 0.5703125 0.1453125 0.18515625
2 0.41796875 0.51171875 0.05703125 0.10625
2 0.59296875 0.50078125 0.084375 0.08515625
2 0.64296875 0.53359375 0.07421875 0.1015625
1 0.57890625 0.43203125 0.053125 0.04609375
1 0.91015625 0.45859375 0.178125 0.0890625
3 0.8703125 0.39609375 0.25625 0.17890625
1 0.37109375 0.38515625 0.01328125 0.015625
1 0.96796875 0.53359375 0.0609375 0.04609375
1 0.4765625 0.38515625 0.025 0.02109375
1 0.38046875 0.37734375 0.01328125 0.01484375
1 0.35703125 0.38671875 0.0109375 0.01796875
2 0.97734375 0.56484375 0.0421875 0.10390625
2 0.85 0.46875 0.04140625 0.0609375
2 0.6375 0.52578125 0.090625 0.08359375
2 0.47578125 0.5375 0.065625 0.06875