2 0.1125 0.66484375 0.225 0.2109375
2 0.46328125 0.59140625 0.096875 0.12265625
2 0.62578125 0.6796875 0.084375 0.20078125
2 0.3796875 0.64140625 0.09609375 0.2046875
2 0.68984375 0.59609375 0.05703125 0.11328125
1 0.596875 0.5140625 0.11015625 0.10546875
2 0.47578125 0.52109375 0.06640625 0.06015625
1 0.046875 0.46015625 0.03828125 0.03515625
2 0.95390625 0.596875 0.0890625 0.11875
2 0.7765625 0.52578125 0.040625 0.0828125
2 0.9046875 0.5484375 0.05078125 0.03203125
2 0.48203125 0.48984375 0.02890625 0.03125
2 0.01171875 0.5546875 0.0234375 0.06875