1 0.71875 0.2234375 0.35 0.2171875
1 0.56171875 0.11953125 0.12109375 0.10546875
1 0.89375 0.1078125 0.18515625 0.14375
1 0.83046875 0.10625 0.09609375 0.1203125
2 0.68828125 0.6796875 0.62265625 0.63515625
2 0.365625 0.30390625 0.13828125 0.2640625
2 0.525 0.31484375 0.1671875 0.20625
2 0.90859375 0.2265625 0.06796875 0.14765625
1 0.3453125 0.20703125 0.27109375 0.25859375
3 0.34296875 0.20390625 0.2671875 0.27734375
2 0.94453125 0.34921875 0.11015625 0.38046875
3 0.715625 0.10078125 0.25078125 0.1125