1 0.496875 0.44609375 0.16875 0.190625
1 0.90078125 0.38671875 0.1 0.153125
1 0.446875 0.34375 0.04296875 0.015625
1 0.1359375 0.5296875 0.11875 0.2453125
2 0.271875 0.878125 0.54375 0.2390625
2 0.75 0.58828125 0.12734375 0.30546875
2 0.6078125 0.73671875 0.25546875 0.49921875
1 0.4953125 0.32890625 0.0984375 0.05625
1 0.4203125 0.32265625 0.02578125 0.0328125
1 0.66171875 0.353125 0.03515625 0.07265625
1 0.7640625 0.39375 0.1921875 0.25078125
1 0.1109375 0.3734375 0.109375 0.11953125
2 0.159375 0.7484375 0.2 0.2453125
2 0.81875 0.4453125 0.04765625 0.1375