1 0.9203125 0.5796875 0.15390625 0.14140625
1 0.80546875 0.5625 0.053125 0.08828125
1 0.7390625 0.55703125 0.0390625 0.05859375
2 0.37265625 0.81640625 0.36484375 0.3359375
2 0.0703125 0.796875 0.1375 0.21328125
2 0.25546875 0.66640625 0.0609375 0.1171875
2 0.5859375 0.7734375 0.27109375 0.26171875
1 0.40390625 0.5390625 0.1046875 0.07578125
1 0.45234375 0.559375 0.025 0.0359375
1 0.6515625 0.5453125 0.021875 0.02734375
1 0.1875 0.51171875 0.09375 0.0546875
2 0.19765625 0.82265625 0.059375 0.11328125
2 0.2046875 0.68359375 0.07109375 0.18515625