1 0.678125 0.9046875 0.178125 0.1046875
0 0.37890625 0.75703125 0.26640625 0.2921875
0 0.67265625 0.54453125 0.19765625 0.16875
1 0.50859375 0.5 0.05078125 0.0390625
1 0.50703125 0.39609375 0.03203125 0.028125
1 0.5359375 0.36171875 0.03828125 0.01953125
3 0.34921875 0.57421875 0.084375 0.0828125
3 0.48359375 0.4109375 0.03671875 0.0375
3 0.575 0.3484375 0.02421875 0.03046875
1 0.96015625 0.89140625 0.075 0.1140625
1 0.478125 0.46015625 0.0390625 0.03203125
1 0.5109375 0.2171875 0.00703125 0.00234375