1 0.55625 0.6953125 0.090625 0.1046875
1 0.95078125 0.896875 0.0953125 0.2
1 0.3234375 0.6609375 0.10390625 0.0859375
1 0.653125 0.675 0.04921875 0.0671875
1 0.9265625 0.79609375 0.14609375 0.16328125
1 0.7015625 0.65078125 0.0234375 0.03125
1 0.91640625 0.71015625 0.140625 0.125
1 0.51796875 0.65 0.0671875 0.0703125
0 0.13984375 0.6125 0.278125 0.7390625
1 0.7828125 0.64375 0.0109375 0.01328125
1 0.8453125 0.70078125 0.03515625 0.07109375
1 0.81640625 0.653125 0.03125 0.02890625
1 0.6546875 0.6359375 0.02421875 0.01796875
1 0.86953125 0.68046875 0.1140625 0.08984375
1 0.4875 0.6234375 0.059375 0.0609375