1 0.87890625 0.6578125 0.221875 0.19375
1 0.55 0.6140625 0.12421875 0.09296875
1 0.21953125 0.59375 0.1171875 0.0671875
1 0.13203125 0.571875 0.0484375 0.028125
3 0.4546875 0.5578125 0.090625 0.14140625
3 0.37890625 0.56796875 0.0703125 0.03515625
1 0.15625 0.57421875 0.0265625 0.03046875
3 0.55703125 0.540625 0.07421875 0.05703125
1 0.1203125 0.603125 0.140625 0.09296875
1 0.32578125 0.59765625 0.11640625 0.0625
1 0.35703125 0.5890625 0.06875 0.05
1 0.0421875 0.67109375 0.05859375 0.10625
1 0.05390625 0.64609375 0.09609375 0.0671875
1 0.59921875 0.60078125 0.05625 0.0703125
1 0.1 0.615625 0.18046875 0.10859375