0 0.7140625 0.85703125 0.225 0.25859375
0 0.7 0.66015625 0.1375 0.2453125
3 0.25390625 0.8796875 0.25625 0.23515625
1 0.3234375 0.71640625 0.0859375 0.11328125
1 0.19765625 0.65078125 0.09765625 0.1078125
1 0.3765625 0.634375 0.075 0.08671875
0 0.796875 0.33984375 0.0796875 0.04375
0 0.6375 0.38203125 0.0953125 0.0578125
0 0.5859375 0.5328125 0.08828125 0.13125
3 0.43828125 0.4515625 0.04140625 0.0609375
3 0.46328125 0.4375 0.0359375 0.06328125
1 0.46484375 0.89375 0.1 0.1859375
1 0.515625 0.521875 0.040625 0.06015625
1 0.50390625 0.38671875 0.04296875 0.028125
1 0.44609375 0.565625 0.05390625 0.06953125
1 0.31953125 0.5828125 0.071875 0.07421875
1 0.67734375 0.4609375 0.04296875 0.0453125
1 0.65546875 0.4796875 0.046875 0.0578125
1 0.6828125 0.51875 0.0421875 0.0328125
1 0.71953125 0.475 0.04765625 0.046875
3 0.803125 0.38203125 0.06171875 0.03359375
0 0.5328125 0.45 0.0484375 0.08828125
1 0.51875 0.7453125 0.08046875 0.1328125
1 0.496875 0.41875 0.58984375 0.253125