2 0.5859375 0.79296875 0.06796875 0.1109375
2 0.4015625 0.83125 0.07109375 0.1953125
0 0.97265625 0.60234375 0.0515625 0.403125
0 0.91015625 0.5 0.09609375 0.171875
2 0.8359375 0.8046875 0.04453125 0.1875
2 0.103125 0.79609375 0.090625 0.21484375
2 0.01953125 0.840625 0.03515625 0.184375
2 0.78125 0.815625 0.0765625 0.22265625
1 0.66953125 0.77265625 0.1453125 0.2421875
1 0.66640625 0.5953125 0.103125 0.10390625
3 0.51796875 0.4109375 0.0359375 0.04921875
1 0.8703125 0.6609375 0.13046875 0.1984375
1 0.63828125 0.61171875 0.09140625 0.08125
1 0.19921875 0.6625 0.15 0.109375
1 0.0578125 0.75859375 0.0890625 0.2375
1 0.43359375 0.7609375 0.1671875 0.23515625
1 0.534375 0.63125 0.14765625 0.1015625
1 0.49375 0.70625 0.11171875 0.19296875
1 0.8234375 0.67734375 0.10234375 0.12578125
1 0.425 0.6203125 0.075 0.0609375
3 0.45546875 0.4625 0.046875 0.1046875
3 0.54375 0.459375 0.0515625 0.07890625
3 0.6640625 0.53671875 0.0875 0.07734375
3 0.29765625 0.5125 0.059375 0.09765625
3 0.33515625 0.48984375 0.05390625 0.06875
1 0.48828125 0.57890625 0.1140625 0.075
1 0.2453125 0.7953125 0.27890625 0.265625
1 0.5609375 0.6109375 0.8625 0.4625