1 0.59453125 0.71796875 0.0828125 0.103125
1 0.45234375 0.7796875 0.084375 0.11484375
1 0.63984375 0.91171875 0.12890625 0.1546875
1 0.70078125 0.65234375 0.0859375 0.08515625
1 0.74296875 0.74140625 0.0921875 0.10625
1 0.65078125 0.5734375 0.0578125 0.065625
1 0.6140625 0.49375 0.040625 0.0453125
1 0.5921875 0.45859375 0.03828125 0.04609375
1 0.5734375 0.43125 0.0328125 0.03671875
3 0.465625 0.56015625 0.10625 0.24140625
3 0.8796875 0.84375 0.2375 0.30859375
1 0.559375 0.41015625 0.0265625 0.02890625
1 0.52734375 0.44609375 0.03046875 0.0296875
3 0.484375 0.390625 0.02421875 0.03671875
3 0.51640625 0.3828125 0.0234375 0.03515625
3 0.5703125 0.60078125 0.06875 0.07890625
1 0.55546875 0.553125 0.05625 0.0703125
1 0.7046875 0.65 0.5875 0.69609375