1 0.83984375 0.43515625 0.29140625 0.11875
1 0.05390625 0.38515625 0.10703125 0.10703125
1 0.20390625 0.37109375 0.0734375 0.0328125
1 0.24765625 0.3640625 0.04765625 0.02734375
1 0.1140625 0.3703125 0.0359375 0.02734375
1 0.54140625 0.353125 0.06640625 0.02734375
1 0.4171875 0.35859375 0.01875 0.0171875
1 0.88515625 0.3671875 0.07109375 0.025
1 0.9453125 0.365625 0.05234375 0.02734375
1 0.9703125 0.3640625 0.034375 0.025
1 0.31328125 0.365625 0.03203125 0.03203125
1 0.16328125 0.36640625 0.0328125 0.03125
3 0.0515625 0.38359375 0.10234375 0.09921875
1 0.27890625 0.36015625 0.0234375 0.0125