1 0.1609375 0.4921875 0.0421875 0.02890625
1 0.16328125 0.47421875 0.03671875 0.01640625
1 0.22734375 0.490625 0.04140625 0.01953125
1 0.3078125 0.48046875 0.03203125 0.02265625
1 0.34140625 0.46953125 0.01953125 0.01953125
1 0.38671875 0.46875 0.02734375 0.0171875
1 0.36328125 0.46484375 0.01953125 0.0203125
1 0.02734375 0.45 0.02890625 0.01640625
1 0.0515625 0.45859375 0.03125 0.02265625
1 0.259375 0.4734375 0.04609375 0.025
1 0.42265625 0.46484375 0.0234375 0.0109375
1 0.2765625 0.484375 0.04921875 0.025
1 0.06640625 0.50078125 0.040625 0.034375
1 0.49765625 0.45859375 0.02265625 0.0171875
1 0.47421875 0.4625 0.9453125 0.1