1 0.9765625 0.46796875 0.01640625 0.01484375
1 0.95859375 0.42421875 0.0125 0.01328125
1 0.925 0.39375 0.0109375 0.009375
1 0.88046875 0.36015625 0.0109375 0.01015625
3 0.9375 0.42265625 0.02109375 0.0296875
1 0.89375 0.36953125 0.009375 0.009375
1 0.87109375 0.3546875 0.009375 0.01015625
1 0.99140625 0.4484375 0.0140625 0.01875
1 0.89140625 0.38359375 0.01328125 0.01328125
1 0.915625 0.38671875 0.00859375 0.01015625
3 0.92421875 0.39140625 0.01171875 0.01328125
3 0.8546875 0.3515625 0.0171875 0.0265625
3 0.81953125 0.32578125 0.02109375 0.01875
1 0.86640625 0.35078125 0.00625 0.01015625
1 0.9375 0.4046875 0.0109375 0.01328125
1 0.8453125 0.3421875 0.00703125 0.009375