1 0.11171875 0.5640625 0.2203125 0.409375
1 0.28046875 0.53203125 0.15078125 0.23125
1 0.92890625 0.540625 0.1390625 0.20625
1 0.703125 0.37109375 0.0328125 0.0671875
1 0.95625 0.4328125 0.04453125 0.0734375
1 0.78359375 0.35 0.03046875 0.05
1 0.95859375 0.734375 0.0796875 0.18984375
2 0.44140625 0.725 0.4390625 0.43828125
2 0.7328125 0.80390625 0.15859375 0.2515625
2 0.85390625 0.75234375 0.13046875 0.246875
2 0.83671875 0.49921875 0.05546875 0.1421875
0 0.94296875 0.3734375 0.08671875 0.1
0 0.8546875 0.37578125 0.0765625 0.1296875
3 0.6421875 0.371875 0.090625 0.1828125
3 0.52421875 0.36015625 0.159375 0.134375
1 0.73828125 0.3109375 0.021875 0.0234375
1 0.690625 0.3125 0.0109375 0.0328125
3 0.3796875 0.41875 0.13671875 0.21953125
1 0.83125 0.31640625 0.05703125 0.06875
1 0.628125 0.61015625 0.728125 0.64375