1 0.62109375 0.74296875 0.16328125 0.0875
1 0.05546875 0.9453125 0.1109375 0.10546875
1 0.528125 0.675 0.06015625 0.065625
1 0.41328125 0.5984375 0.02890625 0.0375
1 0.596875 0.65234375 0.05390625 0.03125
1 0.26484375 0.571875 0.03828125 0.04140625
1 0.46640625 0.4828125 0.0140625 0.021875
1 0.54453125 0.59765625 0.03671875 0.04453125
1 0.5203125 0.63203125 0.0421875 0.0265625
1 0.41875 0.64609375 0.01875 0.0546875
1 0.23203125 0.58125 0.03203125 0.0453125
3 0.10234375 0.85546875 0.125 0.16796875