1 0.6390625 0.234375 0.04140625 0.04609375
1 0.728125 0.27265625 0.0921875 0.05390625
1 0.70390625 0.2328125 0.03671875 0.04453125
1 0.76484375 0.228125 0.03828125 0.05
1 0.03359375 0.0734375 0.05625 0.025
1 0.86953125 0.25078125 0.0921875 0.06328125
1 0.046875 0.06328125 0.04375 0.0203125
1 0.51796875 0.24375 0.04453125 0.05234375
1 0.0765625 0.0421875 0.03671875 0.02421875
1 0.0796875 0.03203125 0.04140625 0.0234375
1 0.9796875 0.23828125 0.0375 0.0578125
2 0.33203125 0.61953125 0.0296875 0.06484375
2 0.56875 0.6984375 0.053125 0.096875
2 0.46953125 0.7265625 0.06875 0.1015625
2 0.2984375 0.58984375 0.03984375 0.06484375
2 0.38125 0.64140625 0.0609375 0.0953125
2 0.384375 0.76796875 0.0734375 0.1109375
2 0.53359375 0.7703125 0.06640625 0.12265625
2 0.3109375 0.3515625 0.0375 0.0734375
2 0.24140625 0.38984375 0.02265625 0.0578125
2 0.26875 0.5578125 0.03828125 0.0640625
3 0.0609375 0.05859375 0.0390625 0.025
2 0.4203125 0.70390625 0.03828125 0.06484375
3 0.07578125 0.04375 0.0390625 0.0265625
3 0.103125 0.0234375 0.03515625 0.025
3 0.13828125 0.01171875 0.03046875 0.021875
2 0.20625 0.51171875 0.02421875 0.0578125
2 0.23671875 0.5421875 0.02109375 0.04765625
3 0.153125 0.0921875 0.02578125 0.03046875
1 0.12578125 0.0484375 0.0703125 0.096875