1 0.29921875 0.49453125 0.521875 0.2921875
1 0.54453125 0.37578125 0.10078125 0.04609375
1 0.83203125 0.34609375 0.11796875 0.03828125
1 0.47265625 0.35625 0.1234375 0.03828125
3 0.81796875 0.43828125 0.31171875 0.1484375
1 0.9625 0.5234375 0.07109375 0.09375
1 0.93125 0.32890625 0.06171875 0.0265625
1 0.70078125 0.35546875 0.1390625 0.05078125
1 0.98046875 0.42421875 0.03828125 0.103125
1 0.3140625 0.34609375 0.09375 0.01953125
1 0.54453125 0.43125 0.16171875 0.1171875
3 0.29921875 0.49453125 0.51484375 0.290625
1 0.05234375 0.3921875 0.03828125 0.05546875
1 0.6578125 0.42734375 0.1328125 0.0953125