1 0.32265625 0.1578125 0.10859375 0.1359375
1 0.5578125 0.27734375 0.1109375 0.128125
1 0.90078125 0.5015625 0.09375 0.12578125
1 0.64140625 0.78984375 0.16328125 0.19921875
3 0.6234375 0.553125 0.19609375 0.25078125
3 0.421875 0.14140625 0.1390625 0.16796875
1 0.19296875 0.18828125 0.16484375 0.16015625
1 0.97109375 0.06640625 0.0546875 0.07265625
1 0.74140625 0.68828125 0.14453125 0.19765625
1 0.53984375 0.90390625 0.1796875 0.1875
1 0.515625 0.10703125 0.07890625 0.09765625
1 0.0625 0.265625 0.11953125 0.11484375
1 0.5703125 0.0890625 0.0796875 0.0921875
3 0.74921875 0.07421875 0.1203125 0.1484375
3 0.53046875 0.9078125 0.1828125 0.18046875