1 0.478125 0.52421875 0.025 0.0296875
1 0.50234375 0.75 0.0328125 0.04921875
1 0.51015625 0.51171875 0.021875 0.0328125
1 0.56171875 0.5796875 0.0234375 0.02890625
1 0.5609375 0.56484375 0.02109375 0.01953125
1 0.5640625 0.5453125 0.02109375 0.02421875
1 0.51015625 0.490625 0.01875 0.015625
1 0.55625 0.63046875 0.0234375 0.03671875
0 0.46328125 0.6421875 0.04765625 0.08125
0 0.51953125 0.6015625 0.0375 0.0765625
0 0.48203125 0.58515625 0.04140625 0.06875
0 0.56171875 0.38125 0.02109375 0.0328125
1 0.5578125 0.60625 0.01953125 0.01328125
1 0.5640625 0.51484375 0.01875 0.028125
1 0.51328125 0.47890625 0.01484375 0.0203125
1 0.54375 0.41953125 0.0140625 0.015625
3 0.53671875 0.446875 0.02109375 0.03515625
3 0.56328125 0.43125 0.02578125 0.04921875
1 0.49765625 0.44296875 0.0140625 0.01640625
1 0.5328125 0.46875 0.275 0.37109375