1 0.24453125 0.48125 0.0375 0.01640625
1 0.3625 0.48203125 0.03671875 0.01328125
1 0.4703125 0.48203125 0.034375 0.01328125
1 0.27578125 0.4796875 0.01875 0.01484375
1 0.18671875 0.48046875 0.0578125 0.01953125
1 0.28984375 0.48125 0.015625 0.01171875
1 0.434375 0.48046875 0.0359375 0.02265625
1 0.4015625 0.48046875 0.03515625 0.0140625
1 0.75390625 0.48046875 0.03828125 0.01328125
1 0.51640625 0.4796875 0.03203125 0.01875
1 0.56015625 0.478125 0.02109375 0.02109375
1 0.3046875 0.48125 0.0109375 0.0109375
0 0.3375 0.46328125 0.07578125 0.02421875
1 0.33125 0.48203125 0.0109375 0.0125
1 0.48046875 0.48125 0.7484375 0.03359375