1 0.68671875 0.51484375 0.04765625 0.028125
1 0.54453125 0.50546875 0.0234375 0.02109375
0 0.5984375 0.503125 0.0421875 0.0890625
1 0.54453125 0.50546875 0.02265625 0.02265625
1 0.4921875 0.5171875 0.02109375 0.03359375
1 0.28359375 0.5453125 0.04765625 0.078125
1 0.50625 0.5140625 0.01875 0.028125
1 0.45625 0.50703125 0.0140625 0.025
1 0.50703125 0.48046875 0.00859375 0.0078125
1 0.53203125 0.5015625 0.0125 0.01640625
0 0.36875 0.53984375 0.12421875 0.11796875
3 0.48203125 0.57734375 0.059375 0.0640625
3 0.44609375 0.51015625 0.01875 0.03671875
1 0.51953125 0.5546875 0.01484375 0.03125
1 0.64296875 0.51640625 0.0515625 0.02578125
1 0.78515625 0.5109375 0.06328125 0.0390625
0 0.53359375 0.47734375 0.02265625 0.0359375
3 0.2890625 0.51953125 0.03671875 0.025