1 0.084375 0.78125 0.06875 0.08125
1 0.1421875 0.76953125 0.02578125 0.05859375
1 0.6078125 0.759375 0.0265625 0.0234375
1 0.6625 0.75078125 0.03046875 0.03046875
1 0.10703125 0.76328125 0.06171875 0.08125
1 0.17734375 0.77109375 0.04375 0.034375
1 0.26875 0.75625 0.00703125 0.01640625
1 0.02734375 0.775 0.0546875 0.121875
1 0.253125 0.76484375 0.015625 0.02890625
1 0.7609375 0.7390625 0.0109375 0.0078125
3 0.20234375 0.76484375 0.0640625 0.04453125
3 0.71875 0.74609375 0.04453125 0.03515625
1 0.78125 0.73515625 0.01171875 0.015625