1 0.4359375 0.91875 0.234375 0.1390625
0 0.475 0.60703125 0.24296875 0.39296875
0 0.7390625 0.6234375 0.409375 0.40703125
1 0.1015625 0.27421875 0.025 0.04609375
0 0.15234375 0.29375 0.0890625 0.15625
0 0.5609375 0.15859375 0.1703125 0.06796875
0 0.32734375 0.34765625 0.22890625 0.1984375
0 0.0625 0.1953125 0.071875 0.1046875
3 0.04765625 0.33359375 0.07578125 0.14609375
1 0.015625 0.15703125 0.02890625 0.03046875
3 0.70234375 0.1640625 0.06875 0.04765625
3 0.83125 0.090625 0.07578125 0.034375
1 0.078125 0.24609375 0.0546875 0.071875
1 0.1796875 0.53671875 0.109375 0.134375
0 0.20859375 0.16875 0.2015625 0.0984375