1 0.5359375 0.32265625 0.03515625 0.01875
1 0.3984375 0.325 0.02265625 0.0140625
3 0.18671875 0.615625 0.165625 0.1484375
1 0.4921875 0.33125 0.0609375 0.025
1 0.51015625 0.3109375 0.0421875 0.0234375
1 0.57734375 0.309375 0.03515625 0.0328125
1 0.5453125 0.30703125 0.03828125 0.03125
1 0.9671875 0.26328125 0.0625 0.02578125
1 0.15703125 0.37265625 0.0265625 0.01875
1 0.12265625 0.378125 0.0203125 0.021875
1 0.090625 0.3828125 0.01796875 0.021875
1 0.02265625 0.39296875 0.0453125 0.0171875
1 0.33125 0.35390625 0.03671875 0.0109375
1 0.30546875 0.3421875 0.0265625 0.01953125
1 0.48046875 0.32578125 0.9546875 0.1453125