1 0.42265625 0.50625 0.1546875 0.1171875
1 0.2609375 0.46796875 0.05 0.02890625
1 0.12109375 0.46015625 0.0421875 0.01796875
1 0.0640625 0.459375 0.03828125 0.02734375
1 0.3171875 0.47109375 0.0453125 0.034375
2 0.30078125 0.6078125 0.075 0.13984375
3 0.634375 0.5078125 0.28359375 0.2296875
1 0.009375 0.45625 0.01875 0.01484375
2 0.60546875 0.81875 0.1984375 0.3328125
2 0.4203125 0.69296875 0.10390625 0.19609375
2 0.8765625 0.82265625 0.14375 0.240625
2 0.853125 0.69375 0.121875 0.12734375
2 0.7625 0.621875 0.09609375 0.121875
2 0.2 0.64140625 0.09140625 0.19765625
2 0.071875 0.51953125 0.03203125 0.07265625
2 0.01796875 0.52578125 0.025 0.065625
2 0.0265625 0.63046875 0.05234375 0.1
2 0.34765625 0.5765625 0.03828125 0.10703125
2 0.58125 0.61796875 0.1078125 0.13984375
1 0.27890625 0.46875 0.03359375 0.025
2 0.1359375 0.53125 0.021875 0.0390625
2 0.5046875 0.31171875 0.9875 0.61875