0 0.57265625 0.6546875 0.35703125 0.17109375
0 0.88828125 0.61171875 0.2203125 0.14375
0 0.5 0.53984375 0.08359375 0.08359375
0 0.1828125 0.69921875 0.23671875 0.14453125
0 0.3515625 0.5953125 0.165625 0.09453125
0 0.790625 0.48359375 0.13125 0.06796875
0 0.4671875 0.48359375 0.0453125 0.01875
0 0.4203125 0.52734375 0.07109375 0.075
0 0.56015625 0.5375 0.0921875 0.08046875
0 0.64921875 0.54765625 0.08515625 0.06328125
0 0.86796875 0.53125 0.1078125 0.05625
0 0.96640625 0.51953125 0.06484375 0.0515625
1 0.165625 0.8609375 0.3046875 0.14375
1 0.14296875 0.940625 0.2859375 0.11484375
1 0.43671875 0.82578125 0.2234375 0.1109375
1 0.34765625 0.971875 0.2796875 0.05234375
1 0.65859375 0.80859375 0.19140625 0.0984375
3 0.64296875 0.9296875 0.28359375 0.13984375
1 0.41328125 0.91484375 0.23203125 0.12421875
1 0.87890625 0.90625 0.2390625 0.15859375
1 0.68046875 0.87265625 0.2109375 0.0921875
1 0.75703125 0.984375 0.20859375 0.0296875
3 0.815625 0.77109375 0.15234375 0.09140625
3 0.884375 0.51171875 0.10078125 0.07265625
3 0.8828125 0.80859375 0.23125 0.12109375
0 0.2265625 0.55390625 0.0703125 0.1265625
0 0.6578125 0.50234375 0.56875 0.20390625