2 0.5359375 0.61484375 0.03828125 0.05
2 0.42890625 0.62265625 0.040625 0.0609375
1 0.7 0.55390625 0.06171875 0.065625
1 0.56328125 0.7390625 0.12734375 0.13359375
1 0.83359375 0.54921875 0.0546875 0.0546875
1 0.85234375 0.475 0.04375 0.0421875
1 0.39765625 0.50703125 0.06640625 0.04609375
1 0.1234375 0.57890625 0.109375 0.06875
1 0.30078125 0.77265625 0.15859375 0.1484375
1 0.9578125 0.47265625 0.0390625 0.04296875
1 0.1765625 0.94140625 0.215625 0.1125
1 0.0390625 0.55234375 0.07734375 0.053125
1 0.7078125 0.43828125 0.03125 0.0203125
1 0.91015625 0.453125 0.03203125 0.025
1 0.553125 0.465625 0.04453125 0.0390625