1 0.37890625 0.2484375 0.05 0.046875
1 0.36796875 0.12421875 0.04140625 0.03671875
1 0.34296875 0.1109375 0.03046875 0.04140625
1 0.31171875 0.09140625 0.0390625 0.0390625
1 0.2375 0.04375 0.0375 0.03671875
1 0.4734375 0.2765625 0.03984375 0.0515625
1 0.4296875 0.29140625 0.03984375 0.04609375
1 0.49921875 0.25390625 0.0390625 0.04765625
1 0.2140625 0.03125 0.03359375 0.034375
1 0.425 0.23984375 0.04765625 0.05390625
1 0.3375 0.2140625 0.0421875 0.04609375
1 0.70703125 0.61796875 0.06796875 0.07265625
1 0.74296875 0.73984375 0.06015625 0.075
1 0.50703125 0.73671875 0.9828125 0.4078125