0 0.73125 0.41875 0.534375 0.58203125
1 0.08359375 0.5453125 0.08984375 0.1109375
1 0.3171875 0.52265625 0.09296875 0.10234375
1 0.25703125 0.515625 0.0625 0.07734375
1 0.165625 0.50390625 0.03984375 0.05546875
1 0.1421875 0.49453125 0.0296875 0.04609375
1 0.13515625 0.484375 0.02578125 0.0421875
1 0.225 0.5125 0.04140625 0.06015625
1 0.19453125 0.509375 0.03828125 0.053125
1 0.12265625 0.478125 0.0234375 0.034375
1 0.08359375 0.4765625 0.02734375 0.0328125
1 0.103125 0.47265625 0.01640625 0.02421875
1 0.090625 0.428125 0.01171875 0.0203125
1 0.07890625 0.41328125 0.00859375 0.0140625
0 0.075 0.4296875 0.01640625 0.0265625