0 0.85703125 0.74296875 0.17421875 0.24453125
3 0.53828125 0.7328125 0.1390625 0.23515625
3 0.71953125 0.7546875 0.10390625 0.1265625
1 0.28984375 0.7421875 0.0328125 0.065625
1 0.3203125 0.753125 0.0328125 0.06171875
1 0.2484375 0.75546875 0.02890625 0.04921875
1 0.44140625 0.77265625 0.06484375 0.09921875
1 0.23984375 0.68828125 0.0109375 0.0234375
1 0.97421875 0.728125 0.0484375 0.11640625
0 0.45546875 0.70234375 0.05078125 0.07890625
0 0.0625 0.76796875 0.12109375 0.19140625
0 0.1453125 0.74609375 0.03125 0.12265625
1 0.17109375 0.740625 0.01640625 0.0296875
1 0.24140625 0.64453125 0.0109375 0.0171875
1 0.125 0.7484375 0.03046875 0.1203125
1 0.2109375 0.765625 0.04453125 0.10234375
1 0.40390625 0.74453125 0.021875 0.04609375
0 0.61875 0.72578125 0.065625 0.13828125
1 0.36953125 0.75625 0.059375 0.10390625
1 0.5140625 0.73828125 0.865625 0.25390625