1 0.6140625 0.08359375 0.103125 0.11328125
1 0.46328125 0.0796875 0.1109375 0.121875
1 0.3171875 0.0484375 0.0421875 0.0609375
1 0.1125 0.084375 0.05546875 0.0921875
1 0.11328125 0.0421875 0.0515625 0.04453125
1 0.77109375 0.071875 0.0953125 0.09921875
1 0.82109375 0.0515625 0.06171875 0.065625
1 0.85625 0.0703125 0.02578125 0.06953125
1 0.15390625 0.05390625 0.04375 0.05625
1 0.690625 0.05625 0.053125 0.05078125
1 0.23671875 0.04609375 0.05 0.0640625
1 0.2953125 0.034375 0.0140625 0.01953125
1 0.71796875 0.06015625 0.0203125 0.0625