0 0.87109375 0.665625 0.21484375 0.17578125
2 0.8171875 0.7359375 0.0328125 0.04453125
1 0.51015625 0.70625 0.11328125 0.06484375
1 0.63515625 0.6484375 0.0515625 0.0546875
1 0.41875 0.64921875 0.040625 0.06015625
1 0.6859375 0.5921875 0.04921875 0.04921875
1 0.42265625 0.49140625 0.01484375 0.01796875
1 0.7453125 0.59375 0.04921875 0.0421875
2 0.5859375 0.69375 0.03671875 0.03515625
1 0.54453125 0.52734375 0.02421875 0.025
1 0.4265625 0.55390625 0.01875 0.03671875
1 0.38828125 0.5359375 0.01953125 0.02734375
1 0.40546875 0.50703125 0.0125 0.0203125
1 0.5046875 0.5203125 0.01953125 0.025
1 0.5921875 0.60625 0.04140625 0.04765625
1 0.59765625 0.56015625 0.0328125 0.0421875
1 0.375 0.56640625 0.3421875 0.225