2 0.2046875 0.66875 0.2734375 0.29921875
2 0.38671875 0.79375 0.2484375 0.38359375
2 0.4296875 0.67734375 0.26953125 0.18984375
2 0.3890625 0.53359375 0.09140625 0.11796875
2 0.925 0.4875 0.146875 0.2
2 0.975 0.53125 0.04921875 0.15703125
2 0.746875 0.45546875 0.1359375 0.16015625
2 0.13984375 0.5734375 0.15078125 0.2765625
2 0.621875 0.4140625 0.14140625 0.16953125
2 0.58515625 0.81484375 0.33046875 0.35078125
2 0.74765625 0.85390625 0.5015625 0.2875
2 0.5890625 0.3609375 0.05078125 0.065625
2 0.86640625 0.45625 0.15390625 0.2234375
2 0.48671875 0.65390625 0.9703125 0.6875