0 0.34296875 0.16484375 0.134375 0.1515625
0 0.596875 0.234375 0.384375 0.27890625
3 0.0640625 0.084375 0.04296875 0.04609375
1 0.53359375 0.45859375 0.278125 0.24296875
1 0.1390625 0.18984375 0.05859375 0.053125
1 0.1953125 0.1671875 0.05 0.05390625
1 0.1640625 0.15546875 0.0453125 0.0515625
3 0.2453125 0.1890625 0.084375 0.06953125
3 0.91875 0.23515625 0.10234375 0.07890625
1 0.2796875 0.2703125 0.1234375 0.10859375
1 0.10625 0.1359375 0.05703125 0.03046875
1 0.11171875 0.11015625 0.03359375 0.0296875
1 0.06328125 0.1140625 0.03515625 0.028125
1 0.07109375 0.1515625 0.05546875 0.05078125
1 0.24453125 0.13203125 0.05546875 0.03203125
3 0.87265625 0.1875 0.06796875 0.05390625
3 0.94609375 0.43515625 0.10234375 0.13203125
1 0.96796875 0.17265625 0.0609375 0.07890625