1 0.7765625 0.646875 0.053125 0.04375
1 0.759375 0.61328125 0.0359375 0.02578125
1 0.6546875 0.56875 0.01796875 0.0140625
1 0.82109375 0.63828125 0.05234375 0.03515625
1 0.6390625 0.55390625 0.0234375 0.0203125
1 0.22890625 0.6421875 0.05 0.03515625
1 0.39921875 0.53984375 0.0140625 0.01796875
1 0.27734375 0.6 0.03515625 0.02890625
3 0.70234375 0.56796875 0.06953125 0.05859375
1 0.96953125 0.71796875 0.06015625 0.05
1 0.721875 0.6046875 0.04453125 0.02890625
3 0.721875 0.60546875 0.0375 0.0359375
1 0.6171875 0.540625 0.0109375 0.01796875
1 0.38125 0.54609375 0.01171875 0.0109375
1 0.609375 0.53515625 0.01171875 0.0125
1 0.68671875 0.6890625 0.621875 0.24140625