1 0.85234375 0.32890625 0.0484375 0.028125
1 0.83515625 0.3359375 0.02890625 0.021875
1 0.7796875 0.3109375 0.03984375 0.02421875
1 0.8109375 0.30390625 0.0359375 0.021875
1 0.81875 0.33984375 0.0265625 0.0203125
1 0.89296875 0.3140625 0.03984375 0.03203125
1 0.78984375 0.290625 0.01484375 0.009375
1 0.75546875 0.3203125 0.03359375 0.01875
1 0.79609375 0.34921875 0.02890625 0.021875
1 0.92578125 0.33828125 0.05234375 0.0328125
1 0.8609375 0.32265625 0.04296875 0.02421875
3 0.94453125 0.29921875 0.05859375 0.0375
1 0.8078125 0.3421875 0.021875 0.01328125
1 0.8296875 0.31875 0.203125 0.07890625