1 0.22109375 0.41796875 0.125 0.0953125
1 0.0390625 0.45859375 0.0703125 0.134375
2 0.18359375 0.55234375 0.24609375 0.240625
2 0.74609375 0.6234375 0.2546875 0.25546875
2 0.33828125 0.521875 0.13828125 0.12890625
2 0.91875 0.59140625 0.159375 0.21640625
2 0.59140625 0.6046875 0.05390625 0.115625
0 0.021875 0.35078125 0.04140625 0.14609375
3 0.21796875 0.425 0.13515625 0.12109375
2 0.74609375 0.5078125 0.0953125 0.09296875
2 0.89453125 0.48671875 0.0921875 0.07578125
2 0.79765625 0.54296875 0.1203125 0.1265625
1 0.65546875 0.325 0.0171875 0.01796875
1 0.86328125 0.32421875 0.0328125 0.03515625