2 0.0921875 0.7515625 0.18359375 0.47421875
2 0.94921875 0.41953125 0.04453125 0.121875
2 0.26328125 0.5640625 0.196875 0.28984375
2 0.26796875 0.3921875 0.134375 0.115625
2 0.171875 0.74453125 0.128125 0.4
2 0.13046875 0.4890625 0.1640625 0.1453125
2 0.15625 0.4109375 0.10390625 0.1015625
2 0.3984375 0.3984375 0.059375 0.0703125
2 0.4234375 0.35 0.05625 0.0984375
2 0.8390625 0.34765625 0.025 0.06328125
2 0.5609375 0.3828125 0.14921875 0.0671875
2 0.7921875 0.353125 0.0328125 0.08203125
2 0.35234375 0.41640625 0.103125 0.125
2 0.471875 0.39296875 0.94375 0.29609375