1 0.27890625 0.3265625 0.075 0.03515625
1 0.28828125 0.2890625 0.0546875 0.03125
1 0.2953125 0.259375 0.05078125 0.03046875
1 0.08359375 0.26875 0.05234375 0.02421875
1 0.04609375 0.2859375 0.0484375 0.03203125
1 0.1296875 0.24921875 0.04453125 0.02265625
1 0.15234375 0.22734375 0.0390625 0.0203125
2 0.79140625 0.77265625 0.09140625 0.10859375
1 0.30390625 0.265625 0.04921875 0.025
1 0.26953125 0.29921875 0.059375 0.03203125
1 0.04921875 0.24609375 0.04296875 0.0234375
1 0.1609375 0.22265625 0.034375 0.01875
1 0.38828125 0.2265625 0.03984375 0.0171875
2 0.49375 0.909375 0.1171875 0.09609375
2 0.4890625 0.74296875 0.090625 0.0890625
2 0.42734375 0.70078125 0.0796875 0.0703125
2 0.72734375 0.60078125 0.0640625 0.06328125
2 0.33046875 0.91328125 0.11796875 0.14609375
2 0.47578125 0.43984375 0.04453125 0.028125
2 0.54765625 0.94375 0.11015625 0.084375
2 0.3859375 0.81953125 0.0921875 0.10390625
2 0.83046875 0.62734375 0.06875 0.07421875
2 0.378125 0.6703125 0.06640625 0.0703125
2 0.34140625 0.63046875 0.0578125 0.06640625
1 0.46015625 0.22578125 0.04765625 0.0203125
2 0.44921875 0.60078125 0.07421875 0.071875
2 0.48046875 0.684375 0.40859375 0.26875
1 0.30859375 0.2359375 0.06484375 0.05