3 0.7859375 0.95703125 0.11171875 0.08515625
3 0.88828125 0.92578125 0.10859375 0.0890625
3 0.92265625 0.83359375 0.065625 0.0421875
1 0.3109375 0.9375 0.046875 0.03828125
1 0.57890625 0.91953125 0.07890625 0.0546875
1 0.675 0.85546875 0.04453125 0.028125
1 0.83203125 0.94375 0.10625 0.0796875
1 0.17578125 0.971875 0.0734375 0.0515625
1 0.06484375 0.9375 0.03125 0.03515625
1 0.0203125 0.9453125 0.03984375 0.06171875
1 0.296875 0.9671875 0.0765625 0.06015625
1 0.23984375 0.97734375 0.0703125 0.03984375
1 0.47734375 0.9859375 0.0984375 0.0234375
1 0.20859375 0.9171875 0.03828125 0.03515625
1 0.3609375 0.9078125 0.04453125 0.03046875
1 0.446875 0.93828125 0.065625 0.0375
1 0.5 0.8953125 0.996875 0.20546875