1 0.52734375 0.1921875 0.44140625 0.21171875
1 0.34375 0.096875 0.109375 0.084375
1 0.26484375 0.090625 0.0453125 0.0703125
2 0.153125 0.37734375 0.30390625 0.646875
2 0.41171875 0.3484375 0.290625 0.52578125
2 0.65078125 0.33828125 0.2515625 0.44609375
2 0.86171875 0.32890625 0.246875 0.4
1 0.5703125 0.05703125 0.084375 0.0390625
1 0.67421875 0.07578125 0.078125 0.0484375
1 0.48984375 0.05546875 0.046875 0.0390625
1 0.815625 0.07734375 0.0640625 0.04296875
1 0.85625 0.07578125 0.0375 0.03515625