2 0.34609375 0.6203125 0.1046875 0.3328125
2 0.17265625 0.63046875 0.1703125 0.3890625
2 0.08125 0.64375 0.09296875 0.28984375
2 0.66640625 0.59140625 0.07578125 0.2421875
2 0.90234375 0.571875 0.05390625 0.1859375
2 0.86015625 0.57421875 0.05078125 0.21328125
2 0.81796875 0.58125 0.08671875 0.2171875
2 0.5765625 0.6015625 0.1234375 0.2828125
2 0.4171875 0.57578125 0.03515625 0.10625
2 0.76484375 0.56640625 0.05546875 0.15234375
2 0.7203125 0.58046875 0.046875 0.19453125
2 0.51484375 0.57109375 0.0296875 0.0890625
2 0.6171875 0.6046875 0.03359375 0.1140625