1 0.5328125 0.51484375 0.059375 0.0625
1 0.61015625 0.4859375 0.0234375 0.03203125
1 0.6296875 0.484375 0.01640625 0.01953125
1 0.40078125 0.546875 0.11875 0.11015625
0 0.14765625 0.46015625 0.2953125 0.3984375
1 0.67890625 0.48671875 0.01640625 0.03828125
1 0.39375 0.4828125 0.02890625 0.0109375
1 0.46953125 0.484375 0.01953125 0.01875
1 0.5609375 0.4859375 0.0203125 0.02890625
3 0.584375 0.4890625 0.03515625 0.04453125
3 0.61015625 0.48359375 0.02265625 0.0328125
3 0.53515625 0.46484375 0.021875 0.0359375