1 0.88828125 0.87890625 0.21875 0.2390625
1 0.68046875 0.790625 0.0765625 0.028125
1 0.53984375 0.78046875 0.04375 0.0328125
1 0.80078125 0.86484375 0.096875 0.17734375
1 0.253125 0.81640625 0.084375 0.05625
1 0.3828125 0.809375 0.078125 0.0546875
1 0.82109375 0.83671875 0.203125 0.1828125
1 0.759375 0.77890625 0.07890625 0.075
0 0.4734375 0.77734375 0.11015625 0.09765625
0 0.6171875 0.73671875 0.0359375 0.0578125
0 0.5828125 0.72265625 0.04609375 0.0234375
0 0.71796875 0.74375 0.053125 0.04296875
0 0.66015625 0.74921875 0.05625 0.04140625
0 0.72265625 0.7140625 0.04140625 0.015625