1 0.20078125 0.76640625 0.10546875 0.05078125
1 0.28984375 0.76171875 0.07265625 0.0453125
1 0.0140625 0.92421875 0.028125 0.1078125
1 0.76875 0.73125 0.07734375 0.0390625
1 0.70390625 0.74609375 0.0796875 0.02421875
1 0.1 0.75859375 0.10859375 0.0515625
1 0.15546875 0.790625 0.071875 0.06484375
1 0.87421875 0.88828125 0.2484375 0.18515625
1 0.80703125 0.71484375 0.04375 0.0171875
1 0.7015625 0.7609375 0.07890625 0.0390625
1 0.740625 0.73125 0.0375 0.0328125
1 0.0640625 0.74609375 0.0625 0.028125
1 0.025 0.7609375 0.05 0.04140625