1 0.83828125 0.53984375 0.3203125 0.42421875
2 0.44375 0.52265625 0.075 0.21875
2 0.57734375 0.503125 0.09375 0.21796875
2 0.27734375 0.47890625 0.034375 0.10390625
2 0.64453125 0.4921875 0.046875 0.12265625
2 0.2453125 0.33046875 0.00703125 0.0140625
2 0.22890625 0.31171875 0.00625 0.01640625
1 0.46015625 0.4875 0.15 0.18203125
1 0.1109375 0.3109375 0.02734375 0.0203125
1 0.0875 0.3015625 0.01328125 0.0171875
3 0.328125 0.33359375 0.04765625 0.0203125
1 0.278125 0.30390625 0.02265625 0.01171875
1 0.68984375 0.49375 0.06796875 0.1796875
1 0.15390625 0.29765625 0.015625 0.01640625
1 0.23125 0.29921875 0.015625 0.0125
2 0.2171875 0.31015625 0.00703125 0.0109375