2 0.325 0.83828125 0.5375 0.31875
2 0.7609375 0.81953125 0.19140625 0.22109375
2 0.79453125 0.7734375 0.1703125 0.1875
2 0.8015625 0.74765625 0.16015625 0.19140625
2 0.6109375 0.73203125 0.178125 0.165625
1 0.9203125 0.68828125 0.07890625 0.08828125
1 0.5109375 0.70078125 0.14140625 0.103125
2 0.84140625 0.7390625 0.140625 0.1703125
1 0.6125 0.67890625 0.12265625 0.0984375
1 0.69609375 0.675 0.06328125 0.06484375
1 0.85390625 0.6546875 0.03515625 0.03359375
1 0.88203125 0.64765625 0.03125 0.03359375
1 0.95703125 0.67890625 0.0296875 0.07421875
1 0.90390625 0.6375 0.02734375 0.01796875
1 0.81640625 0.6578125 0.053125 0.04453125
1 0.96171875 0.65859375 0.03984375 0.071875
2 0.57578125 0.8359375 0.31484375 0.28671875