1 0.159375 0.38125 0.02578125 0.03203125
1 0.2109375 0.38125 0.025 0.0296875
1 0.25625 0.38203125 0.01953125 0.02734375
1 0.28828125 0.353125 0.0234375 0.02578125
1 0.315625 0.33515625 0.015625 0.01640625
1 0.35703125 0.321875 0.021875 0.02578125
2 0.8453125 0.6140625 0.30625 0.6375
2 0.51875 0.5421875 0.12265625 0.23046875
2 0.41875 0.52890625 0.07578125 0.17421875
2 0.13828125 0.54765625 0.03046875 0.08828125
2 0.2234375 0.56640625 0.0578125 0.11484375
1 0.32890625 0.35 0.0171875 0.02109375
2 0.28984375 0.55859375 0.08671875 0.23359375
2 0.17578125 0.5265625 0.046875 0.1578125
2 0.09453125 0.5296875 0.02890625 0.08046875
3 0.0234375 0.4234375 0.04609375 0.20546875
2 0.34453125 0.5265625 0.0390625 0.10078125