1 0.58359375 0.67109375 0.0453125 0.04375
1 0.73046875 0.67421875 0.08203125 0.090625
1 0.91640625 0.69765625 0.165625 0.2234375
1 0.66953125 0.6703125 0.04296875 0.0484375
1 0.57578125 0.61953125 0.0265625 0.028125
1 0.5375 0.60546875 0.02109375 0.01796875
1 0.55390625 0.6015625 0.01640625 0.0203125
1 0.284375 0.66796875 0.04921875 0.0421875
1 0.26015625 0.64609375 0.01953125 0.0203125
1 0.27109375 0.6390625 0.01875 0.0171875
1 0.8234375 0.68125 0.0484375 0.065625
1 0.31171875 0.65078125 0.02421875 0.02421875
1 0.67734375 0.62265625 0.02734375 0.0234375
1 0.42578125 0.61640625 0.4484375 0.0875