2 0.215625 0.65078125 0.1796875 0.3
2 0.79609375 0.7296875 0.4046875 0.5359375
2 0.67734375 0.60546875 0.19375 0.2734375
2 0.6515625 0.56796875 0.1640625 0.23671875
2 0.109375 0.4484375 0.03046875 0.08203125
2 0.13125 0.453125 0.04140625 0.06796875
2 0.540625 0.48359375 0.01875 0.040625
2 0.59140625 0.51875 0.03125 0.07421875
2 0.07265625 0.45625 0.05859375 0.0765625
2 0.0296875 0.4671875 0.0375 0.05078125
2 0.58671875 0.5734375 0.03828125 0.05234375
2 0.49296875 0.48203125 0.01328125 0.03125
2 0.41015625 0.465625 0.0546875 0.05390625