1 0.31171875 0.85390625 0.0359375 0.03671875
1 0.4515625 0.834375 0.03515625 0.03046875
1 0.40390625 0.84140625 0.0375 0.02890625
1 0.34921875 0.85234375 0.046875 0.03359375
1 0.37109375 0.8375 0.0265625 0.0234375
1 0.26796875 0.86796875 0.05078125 0.04296875
1 0.13125 0.8359375 0.040625 0.02890625
1 0.49140625 0.80859375 0.0125 0.0140625
1 0.4484375 0.8203125 0.0203125 0.01484375
1 0.271875 0.821875 0.01328125 0.015625
1 0.2546875 0.8234375 0.01484375 0.02109375
1 0.609375 0.84609375 0.06328125 0.03515625