0 0.7734375 0.38515625 0.134375 0.05859375
0 0.65546875 0.3921875 0.10546875 0.05
0 0.978125 0.3875 0.040625 0.0875
0 0.92734375 0.3859375 0.06953125 0.0703125
0 0.86875 0.3640625 0.05546875 0.01796875
0 0.871875 0.396875 0.04296875 0.05546875
0 0.8453125 0.39609375 0.03984375 0.05390625
2 0.1109375 0.7265625 0.215625 0.52265625
2 0.30234375 0.57421875 0.06171875 0.21328125
2 0.21171875 0.565625 0.04921875 0.11484375
2 0.24140625 0.50859375 0.0359375 0.1015625
2 0.746875 0.496875 0.06796875 0.10234375
2 0.93828125 0.54140625 0.1203125 0.16640625
2 0.65 0.44296875 0.0125 0.04140625
2 0.41796875 0.7625 0.15859375 0.47265625
2 0.34375 0.509375 0.0421875 0.10078125
2 0.3265625 0.79453125 0.26015625 0.32421875
2 0.6984375 0.44296875 0.03359375 0.05390625
2 0.35390625 0.44375 0.01796875 0.04296875
0 0.59375 0.3921875 0.0234375 0.02890625
2 0.32265625 0.46015625 0.04296875 0.03125
0 0.578125 0.39765625 0.009375 0.01484375
2 0.49921875 0.48125 0.9984375 0.1828125