1 0.10078125 0.42578125 0.05078125 0.03984375
1 0.17578125 0.42578125 0.03671875 0.03203125
1 0.728125 0.41796875 0.0609375 0.03515625
1 0.59609375 0.42265625 0.059375 0.03125
1 0.8453125 0.42734375 0.06640625 0.03828125
1 0.30859375 0.4078125 0.0546875 0.03671875
1 0.7890625 0.40078125 0.03125 0.03359375
1 0.9859375 0.41328125 0.02421875 0.03671875
1 0.9671875 0.41171875 0.03359375 0.0375
1 0.91875 0.4078125 0.05234375 0.0328125
1 0.8296875 0.4140625 0.046875 0.0359375
1 0.2015625 0.4046875 0.03359375 0.025
3 0.1828125 0.37265625 0.07578125 0.07109375
1 0.815625 0.40078125 0.04921875 0.03046875