2 0.56875 0.72109375 0.0828125 0.18125
2 0.24765625 0.696875 0.03828125 0.08203125
2 0.5140625 0.62421875 0.025 0.05625
1 0.39609375 0.65859375 0.0828125 0.11953125
1 0.66328125 0.6546875 0.12890625 0.10625
1 0.95390625 0.73203125 0.0890625 0.19296875
1 0.82421875 0.64609375 0.1203125 0.1015625
1 0.9046875 0.634375 0.07265625 0.04921875
1 0.60078125 0.61328125 0.04375 0.0515625
1 0.1359375 0.64453125 0.08359375 0.1078125
1 0.0140625 0.67890625 0.02734375 0.13046875
1 0.06796875 0.6484375 0.08125 0.1328125
1 0.95390625 0.675 0.08828125 0.12109375
1 0.28984375 0.625 0.07734375 0.10859375
2 0.33671875 0.7046875 0.04296875 0.09296875
1 0.54296875 0.54921875 0.02265625 0.0203125
1 0.62109375 0.5828125 0.04921875 0.03125
1 0.50703125 0.62734375 0.8328125 0.1953125