1 0.62109375 0.53828125 0.396875 0.359375
1 0.175 0.43984375 0.20390625 0.2953125
1 0.43359375 0.64296875 0.8671875 0.709375
1 0.7796875 0.434375 0.26015625 0.29921875
1 0.10546875 0.38828125 0.18125 0.1078125
1 0.46796875 0.42734375 0.1390625 0.125
1 0.11171875 0.52734375 0.2140625 0.10546875
1 0.1765625 0.29375 0.14296875 0.08828125
0 0.1421875 0.16640625 0.19921875 0.30078125
1 0.55078125 0.28515625 0.16796875 0.09140625
0 0.384375 0.20546875 0.19140625 0.1640625
0 0.3 0.13828125 0.13203125 0.1625
3 0.38671875 0.196875 0.1796875 0.17734375
3 0.4703125 0.08515625 0.103125 0.10625
1 0.11015625 0.5921875 0.2203125 0.1046875
1 0.5359375 0.390625 0.1265625 0.14765625
0 0.56484375 0.08046875 0.09140625 0.09140625
1 0.58046875 0.3109375 0.1453125 0.09765625