1 0.91171875 0.746875 0.1609375 0.12890625
0 0.66328125 0.690625 0.1953125 0.10546875
0 0.39375 0.69453125 0.11796875 0.06171875
0 0.51015625 0.68671875 0.121875 0.04921875
1 0.81953125 0.71015625 0.084375 0.071875
1 0.3125 0.71171875 0.0453125 0.034375
1 0.515625 0.7125 0.09453125 0.05
1 0.1140625 0.71953125 0.01484375 0.0296875
1 0.075 0.715625 0.0359375 0.02578125
1 0.05390625 0.71640625 0.02265625 0.0265625
3 0.94140625 0.66171875 0.0921875 0.1046875
1 0.4375 0.7109375 0.07421875 0.04453125
1 0.87265625 0.72734375 0.0890625 0.06328125