3 0.62578125 0.80859375 0.03984375 0.04609375
1 0.09296875 0.9640625 0.1859375 0.06640625
1 0.09609375 0.9125 0.16875 0.13828125
1 0.375 0.8359375 0.05234375 0.06484375
1 0.284375 0.834375 0.0484375 0.04765625
1 0.31015625 0.8171875 0.0296875 0.03671875
1 0.33203125 0.80703125 0.02578125 0.03125
1 0.425 0.8046875 0.03125 0.03046875
1 0.9140625 0.92109375 0.16875 0.1546875
1 0.4546875 0.78125 0.01484375 0.01640625
1 0.55546875 0.8078125 0.03046875 0.0375
1 0.86953125 0.8265625 0.04453125 0.03984375
2 0.80859375 0.85703125 0.015625 0.040625
3 0.70234375 0.84921875 0.0796875 0.10078125
1 0.5 0.82421875 0.99609375 0.21328125