1 0.4453125 0.38671875 0.19296875 0.1828125
3 0.2765625 0.57421875 0.4640625 0.55625
1 0.97265625 0.2875 0.0515625 0.021875
2 0.7 0.35546875 0.06875 0.0921875
2 0.9546875 0.390625 0.078125 0.11328125
2 0.65703125 0.34921875 0.07265625 0.09765625
2 0.78125 0.3609375 0.06953125 0.0875
2 0.8484375 0.37265625 0.08125 0.08984375
2 0.88671875 0.346875 0.07734375 0.11796875
2 0.6046875 0.34140625 0.08359375 0.096875
2 0.56171875 0.34765625 0.05 0.0828125
2 0.7453125 0.3484375 0.0296875 0.10625
3 0.44609375 0.38046875 0.1984375 0.190625