1 0.27578125 0.25546875 0.05234375 0.0625
1 0.2828125 0.16484375 0.05859375 0.05390625
1 0.3140625 0.1390625 0.0265625 0.025
1 0.2796875 0.21328125 0.04453125 0.02578125
1 0.3984375 0.17265625 0.03828125 0.04921875
1 0.9546875 0.69296875 0.0796875 0.21015625
1 0.8796875 0.71484375 0.1359375 0.1671875
1 0.75078125 0.775 0.13203125 0.0546875
1 0.371875 0.1390625 0.0203125 0.040625
1 0.575 0.79609375 0.0671875 0.021875
3 0.421875 0.24609375 0.0609375 0.07421875
3 0.415625 0.19453125 0.05625 0.053125
1 0.68203125 0.7859375 0.046875 0.0421875