1 0.75546875 0.4453125 0.01328125 0.015625
1 0.70703125 0.43515625 0.0171875 0.0171875
1 0.68984375 0.4359375 0.0171875 0.01640625
1 0.66015625 0.43359375 0.0203125 0.01953125
1 0.43203125 0.4484375 0.0203125 0.015625
1 0.45859375 0.43671875 0.0140625 0.0125
1 0.40234375 0.43359375 0.02109375 0.015625
1 0.55703125 0.434375 0.01875 0.01484375
1 0.421875 0.45703125 0.01484375 0.01796875
1 0.37578125 0.45703125 0.01796875 0.01875
1 0.58828125 0.434375 0.015625 0.0171875
1 0.58359375 0.43828125 0.4765625 0.03515625