1 0.46484375 0.93515625 0.9296875 0.1296875
1 0.3359375 0.84375 0.671875 0.215625
1 0.3875 0.7875 0.775 0.253125
1 0.39140625 0.56953125 0.7828125 0.16875
1 0.42109375 0.50078125 0.83671875 0.225
1 0.42109375 0.66484375 0.8421875 0.19765625
1 0.334375 0.12734375 0.66875 0.1734375
1 0.296875 0.328125 0.59375 0.10703125
1 0.59453125 0.9578125 0.80078125 0.0796875
1 0.36796875 0.28671875 0.73515625 0.15546875
1 0.2921875 0.21328125 0.57421875 0.0921875
1 0.2453125 0.17578125 0.48984375 0.109375
1 0.32578125 0.35625 0.6515625 0.08359375
1 0.4375 0.496875 0.875 0.99375