1 0.65234375 0.86953125 0.028125 0.01171875
1 0.48515625 0.8375 0.021875 0.0109375
1 0.5 0.8328125 0.01953125 0.0140625
1 0.93359375 0.84921875 0.01796875 0.0140625
1 0.84765625 0.85 0.02578125 0.015625
3 0.2640625 0.9640625 0.075 0.03984375
1 0.69921875 0.81171875 0.00859375 0.01171875
1 0.60546875 0.85 0.01328125 0.01640625
0 0.68515625 0.8515625 0.0296875 0.0453125
3 0.3578125 0.95 0.0796875 0.0484375
3 0.89453125 0.8703125 0.02109375 0.0328125
3 0.91953125 0.87265625 0.0234375 0.03828125
1 0.53515625 0.86875 0.025 0.01015625
1 0.4765625 0.8546875 0.01171875 0.01953125
1 0.48359375 0.84375 0.01328125 0.009375
1 0.8078125 0.86953125 0.0234375 0.015625
3 0.86484375 0.86875 0.03515625 0.04140625
1 0.62578125 0.8109375 0.00859375 0.015625
3 0.74453125 0.8421875 0.01875 0.025
3 0.68515625 0.85078125 0.028125 0.04453125
3 0.60625 0.84921875 0.0125 0.015625
1 0.71640625 0.84453125 0.5640625 0.11015625