1 0.375 0.7203125 0.6046875 0.303125
1 0.0875 0.6484375 0.17421875 0.2171875
1 0.1 0.565625 0.2 0.11875
2 0.73671875 0.88359375 0.5234375 0.2125
2 0.88125 0.66328125 0.171875 0.0859375
2 0.9015625 0.6515625 0.11875 0.07734375
2 0.7890625 0.74453125 0.13515625 0.10078125
2 0.76484375 0.8203125 0.1578125 0.103125
2 0.6796875 0.865625 0.13671875 0.09609375
2 0.8375 0.67421875 0.08671875 0.03125
2 0.734375 0.9171875 0.33046875 0.1296875
2 0.64453125 0.9484375 0.1984375 0.0515625
2 0.696875 0.84453125 0.16875 0.053125
2 0.94921875 0.67890625 0.0859375 0.13046875