2 0.65859375 0.6890625 0.28046875 0.28515625
2 0.37265625 0.6265625 0.171875 0.15234375
2 0.90078125 0.58125 0.05859375 0.07109375
2 0.85546875 0.5703125 0.0703125 0.06796875
2 0.82578125 0.56875 0.03671875 0.04921875
2 0.984375 0.603125 0.028125 0.078125
3 0.65390625 0.53359375 0.0859375 0.053125
2 0.95390625 0.57578125 0.0828125 0.10234375
2 0.803125 0.55703125 0.04375 0.0578125
2 0.77265625 0.565625 0.01875 0.03828125
2 0.01484375 0.55625 0.02890625 0.0390625
2 0.46796875 0.5796875 0.10390625 0.12734375
2 0.18359375 0.596875 0.12578125 0.10078125
2 0.33984375 0.59140625 0.11875 0.16875
2 0.1640625 0.59140625 0.28125 0.15703125