1 0.4515625 0.459375 0.0796875 0.06328125
1 0.76640625 0.478125 0.0546875 0.07265625
1 0.8921875 0.47421875 0.10703125 0.07890625
1 0.04765625 0.521875 0.09453125 0.10234375
1 0.51875 0.45546875 0.0484375 0.0671875
1 0.796875 0.4515625 0.0171875 0.02578125
1 0.478125 0.45859375 0.03359375 0.0640625
1 0.07578125 0.459375 0.0328125 0.01640625
1 0.496875 0.44375 0.04765625 0.0484375
1 0.0265625 0.4765625 0.05234375 0.07421875
3 0.3140625 0.509375 0.1890625 0.1765625
3 0.84609375 0.45234375 0.0859375 0.0890625
1 0.74140625 0.44296875 0.0953125 0.03671875
1 0.5453125 0.490625 0.90625 0.18125