1 0.3515625 0.47578125 0.03203125 0.01171875
1 0.5578125 0.47421875 0.01328125 0.01328125
1 0.51015625 0.4734375 0.028125 0.0140625
1 0.753125 0.47421875 0.04921875 0.04609375
1 0.64765625 0.47265625 0.028125 0.02578125
1 0.61171875 0.46953125 0.0515625 0.034375
1 0.3953125 0.47578125 0.015625 0.01015625
1 0.78125 0.47265625 0.01328125 0.0171875
1 0.790625 0.47265625 0.01328125 0.01640625
1 0.8046875 0.4734375 0.01171875 0.0171875
1 0.83046875 0.4734375 0.01640625 0.021875
3 0.0703125 0.4609375 0.13828125 0.10078125
3 0.696875 0.46875 0.040625 0.03359375
1 0.85703125 0.47578125 0.0265625 0.01640625