1 0.83828125 0.3453125 0.06953125 0.0796875
1 0.84453125 0.24921875 0.05546875 0.05625
1 0.740625 0.20390625 0.053125 0.03515625
1 0.62109375 0.17421875 0.04453125 0.03046875
0 0.47578125 0.45390625 0.5609375 0.40859375
1 0.54609375 0.15390625 0.03828125 0.03046875
1 0.5125 0.14921875 0.03359375 0.0296875
1 0.46953125 0.14921875 0.0203125 0.025
1 0.42265625 0.13359375 0.0375 0.02734375
2 0.6984375 0.19609375 0.015625 0.025
1 0.4890625 0.13984375 0.021875 0.01875
3 0.4359375 0.1515625 0.02109375 0.02734375