1 0.08671875 0.5359375 0.11015625 0.07265625
1 0.3828125 0.53125 0.09375 0.06328125
1 0.621875 0.53359375 0.1734375 0.0875
1 0.5328125 0.51484375 0.0546875 0.0359375
1 0.17109375 0.52421875 0.0546875 0.0453125
1 0.20234375 0.50859375 0.0734375 0.046875
1 0.7453125 0.52265625 0.0296875 0.0484375
1 0.49375 0.4984375 0.034375 0.01640625
3 0.5328125 0.5140625 0.0546875 0.0359375
3 0.84921875 0.50546875 0.18984375 0.14296875
1 0.39453125 0.5 0.07421875 0.03125
1 0.28984375 0.54296875 0.1890625 0.0828125
1 0.13203125 0.52734375 0.0671875 0.0578125