1 0.4484375 0.70390625 0.028125 0.04765625
1 0.409375 0.6921875 0.01640625 0.03046875
1 0.3984375 0.68984375 0.0125 0.025
2 0.51484375 0.79921875 0.03984375 0.11171875
1 0.43359375 0.7 0.01796875 0.0359375
1 0.38828125 0.68671875 0.015625 0.02578125
1 0.42109375 0.69765625 0.0171875 0.03359375
2 0.4890625 0.72890625 0.03984375 0.053125
2 0.55625 0.76484375 0.028125 0.04921875
2 0.64140625 0.765625 0.0828125 0.1203125
2 0.6140625 0.75546875 0.08203125 0.09140625
2 0.58515625 0.7546875 0.059375 0.0828125
1 0.3546875 0.68046875 0.01640625 0.0171875
1 0.36953125 0.68359375 0.0109375 0.01484375