2 0.578125 0.6265625 0.07578125 0.18984375
2 0.17109375 0.67734375 0.27578125 0.29765625
2 0.64609375 0.60390625 0.0578125 0.1234375
2 0.6859375 0.590625 0.0359375 0.0875
2 0.7234375 0.5609375 0.03828125 0.08046875
3 0.9609375 0.5375 0.075 0.09140625
3 0.54375 0.53046875 0.16875 0.06328125
1 0.79140625 0.55234375 0.03984375 0.02734375
3 0.94375 0.52578125 0.109375 0.0859375
1 0.87578125 0.53125 0.0265625 0.028125
2 0.3984375 0.5390625 0.0328125 0.0421875
2 0.26640625 0.534375 0.03125 0.078125
2 0.334375 0.5375 0.01484375 0.04375
2 0.36484375 0.540625 0.009375 0.04375
2 0.31875 0.53828125 0.01484375 0.046875
1 0.88671875 0.546875 0.05 0.0390625
1 0.23828125 0.54375 0.02890625 0.02734375