1 0.25625 0.83515625 0.06171875 0.059375
1 0.82734375 0.83671875 0.075 0.0671875
1 0.2234375 0.8328125 0.02578125 0.0359375
2 0.14453125 0.83828125 0.0171875 0.0359375
3 0.6140625 0.82578125 0.03671875 0.04140625
1 0.70390625 0.83515625 0.046875 0.04609375
1 0.66484375 0.8328125 0.03515625 0.0359375
1 0.29453125 0.83125 0.01328125 0.025
1 0.31328125 0.828125 0.0203125 0.0234375
1 0.353125 0.828125 0.015625 0.02109375
1 0.5484375 0.8296875 0.01640625 0.01796875
3 0.409375 0.82109375 0.01015625 0.0234375