1 0.51875 0.75 0.0421875 0.046875
1 0.3734375 0.75546875 0.04453125 0.0390625
1 0.584375 0.69609375 0.0234375 0.02265625
1 0.78125 0.634375 0.009375 0.009375
1 0.7875 0.63671875 0.01015625 0.01015625
1 0.24609375 0.7203125 0.03203125 0.034375
1 0.63359375 0.66796875 0.01796875 0.01640625
1 0.3796875 0.69453125 0.02734375 0.02578125
1 0.55390625 0.67109375 0.021875 0.01484375
2 0.20625 0.80390625 0.02265625 0.0296875
1 0.1875 0.7453125 0.034375 0.03125
3 0.51953125 0.7484375 0.0421875 0.05078125
3 0.3640625 0.903125 0.10546875 0.11796875
1 0.1015625 0.76484375 0.0234375 0.046875
1 0.41875 0.71796875 0.81875 0.21484375