1 0.6453125 0.68984375 0.30078125 0.1328125
1 0.23828125 0.62421875 0.12734375 0.090625
1 0.04453125 0.65703125 0.08828125 0.12109375
1 0.17890625 0.64453125 0.07890625 0.08046875
1 0.3609375 0.61875 0.0890625 0.06484375
1 0.0921875 0.640625 0.11484375 0.1015625
1 0.97265625 0.6765625 0.0515625 0.153125
1 0.3109375 0.6296875 0.05 0.05546875
1 0.68671875 0.62421875 0.17265625 0.0984375
1 0.41015625 0.61015625 0.0484375 0.05390625
1 0.71328125 0.60234375 0.0734375 0.03671875
1 0.71796875 0.603125 0.059375 0.0296875