2 0.525 0.51796875 0.61015625 0.59140625
3 0.45625 0.08359375 0.165625 0.16484375
1 0.2078125 0.090625 0.015625 0.021875
1 0.97421875 0.18828125 0.0484375 0.1046875
1 0.2640625 0.0890625 0.0515625 0.034375
1 0.31015625 0.0890625 0.0703125 0.0484375
1 0.33828125 0.09765625 0.05 0.0421875
1 0.35078125 0.1015625 0.04765625 0.07734375
1 0.96171875 0.11875 0.0734375 0.109375
1 0.07265625 0.1078125 0.13125 0.059375
1 0.86953125 0.08671875 0.02109375 0.0359375
1 0.771875 0.0953125 0.071875 0.07421875
1 0.09140625 0.17890625 0.1796875 0.209375
1 0.79921875 0.09140625 0.0625 0.06484375
3 0.58203125 0.1 0.22109375 0.14609375
3 0.09140625 0.15234375 0.1828125 0.1484375
1 0.90234375 0.08203125 0.06875 0.04765625
1 0.53046875 0.09765625 0.8890625 0.15390625