1 0.625 0.6265625 0.1328125 0.16796875
1 0.603125 0.4625 0.07421875 0.1140625
1 0.43359375 0.71015625 0.15859375 0.18671875
1 0.46953125 0.42421875 0.07109375 0.0875
1 0.39453125 0.35234375 0.046875 0.05078125
1 0.67421875 0.5125 0.11015625 0.14765625
1 0.5109375 0.259375 0.03828125 0.04609375
1 0.75390625 0.35546875 0.046875 0.05390625
1 0.51640625 0.5171875 0.13203125 0.153125
0 0.59921875 0.2046875 0.10078125 0.0828125
1 0.878125 0.28046875 0.02734375 0.0390625
1 0.34609375 0.884375 0.3203125 0.228125
1 0.384375 0.3984375 0.0546875 0.06484375
1 0.33984375 0.3203125 0.046875 0.0640625
1 0.603125 0.4015625 0.671875 0.4640625