1 0.87421875 0.2421875 0.115625 0.1140625
1 0.8015625 0.23671875 0.07578125 0.09921875
1 0.30078125 0.2078125 0.07578125 0.0765625
1 0.95078125 0.25078125 0.0953125 0.125
1 0.73046875 0.2359375 0.078125 0.084375
1 0.9765625 0.16796875 0.04609375 0.05234375
3 0.35078125 0.11484375 0.09375 0.08671875
3 0.6828125 0.1515625 0.09609375 0.0609375
1 0.1109375 0.17734375 0.03828125 0.06953125
1 0.678125 0.2171875 0.0484375 0.0578125
1 0.16796875 0.1921875 0.0859375 0.065625
1 0.2921875 0.134375 0.03125 0.040625
3 0.6359375 0.09765625 0.075 0.053125