1 0.9109375 0.765625 0.175 0.465625
1 0.1453125 0.64140625 0.09140625 0.078125
1 0.4671875 0.62421875 0.05703125 0.06953125
1 0.65546875 0.58671875 0.0515625 0.0640625
1 0.8734375 0.59609375 0.05546875 0.0578125
1 0.31953125 0.6296875 0.15859375 0.09765625
1 0.48359375 0.60703125 0.07890625 0.06484375
0 0.7421875 0.5375 0.06953125 0.12734375
1 0.41796875 0.61640625 0.0703125 0.078125
1 0.5328125 0.6140625 0.04453125 0.05859375
1 0.91796875 0.6578125 0.1609375 0.26875
1 0.05234375 0.74375 0.10390625 0.08359375
1 0.52890625 0.58984375 0.05078125 0.03828125
3 0.7828125 0.58359375 0.065625 0.07890625
1 0.546875 0.54296875 0.6375 0.15234375