1 0.59375 0.7859375 0.11171875 0.06171875
1 0.67890625 0.78671875 0.09453125 0.05390625
1 0.1234375 0.7765625 0.07109375 0.04921875
1 0.86875 0.77265625 0.0359375 0.03671875
1 0.9078125 0.7703125 0.03671875 0.03359375
1 0.2765625 0.7765625 0.07109375 0.0359375
3 0.19375 0.7578125 0.09453125 0.08359375
1 0.76015625 0.78203125 0.0765625 0.05
1 0.82265625 0.77265625 0.05546875 0.05625
1 0.34921875 0.7796875 0.0296875 0.028125
1 0.06171875 0.77734375 0.04921875 0.03125
3 0.971875 0.7765625 0.0546875 0.065625
3 0.06796875 0.7578125 0.053125 0.0359375
1 0.95625 0.90078125 0.0859375 0.15078125
1 0.02421875 0.77578125 0.04296875 0.03125