1 0.95859375 0.5140625 0.0796875 0.084375
1 0.909375 0.4984375 0.06328125 0.0859375
1 0.86796875 0.4984375 0.03046875 0.05546875
1 0.82890625 0.4921875 0.02734375 0.03359375
1 0.81171875 0.48515625 0.04375 0.0375
1 0.98515625 0.57578125 0.0265625 0.0921875
1 0.77265625 0.4890625 0.0109375 0.02109375
1 0.46328125 0.49921875 0.06328125 0.0359375
1 0.56171875 0.49296875 0.03515625 0.03046875
1 0.85 0.48671875 0.028125 0.03828125
1 0.6671875 0.48984375 0.02421875 0.0328125
1 0.64375 0.49296875 0.01953125 0.0265625