1 0.82265625 0.54375 0.0375 0.0265625
1 0.815625 0.52109375 0.034375 0.01953125
1 0.84140625 0.521875 0.025 0.02421875
1 0.78984375 0.5328125 0.0328125 0.0203125
0 0.77109375 0.571875 0.12734375 0.125
0 0.5 0.5875 0.08671875 0.11953125
0 0.4203125 0.5984375 0.06875 0.11953125
0 0.6734375 0.58984375 0.10703125 0.121875
0 0.1546875 0.59453125 0.065625 0.125
0 0.06484375 0.5984375 0.07109375 0.13828125
0 0.57421875 0.5875 0.08203125 0.12265625
0 0.509375 0.5265625 0.05390625 0.05859375
0 0.90390625 0.48046875 0.12109375 0.0375
0 0.2359375 0.59609375 0.065625 0.121875
0 0.321875 0.609375 0.04140625 0.0765625
1 0.98203125 0.6 0.03515625 0.0328125
1 0.934375 0.578125 0.0734375 0.0328125
1 0.88125 0.51796875 0.03359375 0.01171875
1 0.7859375 0.51953125 0.040625 0.025
0 0.44609375 0.53671875 0.04296875 0.07890625