1 0.28671875 0.1484375 0.13046875 0.0546875
1 0.63125 0.1515625 0.14375 0.0609375
1 0.72265625 0.1546875 0.09375 0.04375
1 0.77890625 0.14453125 0.0953125 0.04765625
1 0.87578125 0.1484375 0.0796875 0.03828125
1 0.04609375 0.13984375 0.090625 0.05703125
1 0.8859375 0.11875 0.02578125 0.01328125
1 0.83046875 0.11796875 0.0328125 0.01640625
1 0.80625 0.11328125 0.021875 0.01484375
3 0.53828125 0.1078125 0.0546875 0.03203125
1 0.16484375 0.16328125 0.228125 0.0765625
1 0.39921875 0.15625 0.0953125 0.03125
1 0.9859375 0.11953125 0.0140625 0.01640625
3 0.16484375 0.1625 0.23515625 0.07421875
3 0.07109375 0.10546875 0.14140625 0.05078125
1 0.5859375 0.11640625 0.0390625 0.01640625
3 0.43359375 0.11015625 0.05859375 0.03046875