1 0.71328125 0.10859375 0.2453125 0.1296875
2 0.4953125 0.56171875 0.53359375 0.515625
2 0.9265625 0.653125 0.14375 0.38515625
2 0.828125 0.475 0.18046875 0.29453125
2 0.17109375 0.38984375 0.12734375 0.18671875
2 0.87890625 0.3078125 0.2296875 0.10546875
2 0.834375 0.2203125 0.06484375 0.12578125
2 0.71875 0.28984375 0.2390625 0.184375
2 0.0984375 0.63828125 0.196875 0.41328125
2 0.63359375 0.35625 0.14453125 0.25859375
2 0.09453125 0.253125 0.065625 0.0953125
2 0.1046875 0.4625 0.17890625 0.34453125
2 0.97734375 0.421875 0.0421875 0.1421875