0 0.103125 0.65 0.20625 0.27890625
0 0.32578125 0.63359375 0.125 0.0640625
1 0.596875 0.63359375 0.0515625 0.04140625
1 0.95703125 0.6421875 0.04453125 0.071875
1 0.71796875 0.62109375 0.05625 0.034375
1 0.89453125 0.6296875 0.09375 0.06484375
2 0.34375 0.834375 0.11875 0.17578125
2 0.2234375 0.784375 0.1078125 0.10390625
2 0.746875 0.7125 0.06484375 0.08359375
2 0.534375 0.7796875 0.04921875 0.1015625
2 0.5765625 0.7046875 0.0265625 0.05625
2 0.90703125 0.7125 0.10625 0.0921875
2 0.61796875 0.74375 0.0640625 0.10625
2 0.4078125 0.80703125 0.05234375 0.1171875
2 0.5921875 0.70859375 0.0265625 0.0265625
2 0.19140625 0.74140625 0.02265625 0.02578125
2 0.66796875 0.66015625 0.04609375 0.06171875
2 0.69921875 0.653125 0.028125 0.0421875