1 0.49453125 0.74140625 0.05546875 0.0640625
1 0.19921875 0.8484375 0.0890625 0.07890625
1 0.5828125 0.62109375 0.03125 0.0421875
1 0.48046875 0.94453125 0.07578125 0.07109375
1 0.071875 0.80078125 0.0609375 0.07890625
1 0.64765625 0.803125 0.05234375 0.05546875
1 0.67265625 0.74765625 0.05 0.07265625
1 0.59765625 0.74140625 0.0515625 0.0796875
1 0.36484375 0.6015625 0.04296875 0.040625
1 0.409375 0.60625 0.03984375 0.046875
1 0.5375 0.48515625 0.02265625 0.02890625
1 0.6515625 0.84140625 0.06796875 0.0796875
3 0.59765625 0.74140625 0.0484375 0.07890625