1 0.05234375 0.57890625 0.1046875 0.21328125
0 0.5421875 0.52734375 0.69921875 0.68515625
1 0.96796875 0.59765625 0.0609375 0.09609375
1 0.1765625 0.49375 0.0328125 0.03359375
1 0.14140625 0.48828125 0.0265625 0.03125
1 0.11171875 0.4828125 0.0203125 0.02265625
1 0.06328125 0.47890625 0.01640625 0.01875
1 0.1453125 0.4921875 0.0125 0.0234375
1 0.190625 0.49765625 0.01953125 0.034375
1 0.90703125 0.578125 0.05234375 0.0953125
1 0.159375 0.4921875 0.01953125 0.03125
1 0.19609375 0.50234375 0.00546875 0.028125
1 0.125 0.4875 0.0171875 0.02265625