1 0.3203125 0.76171875 0.14453125 0.0953125
1 0.4234375 0.7796875 0.06953125 0.06484375
1 0.528125 0.78046875 0.06796875 0.0671875
1 0.74140625 0.7734375 0.09375 0.06796875
1 0.93125 0.77734375 0.10625 0.05234375
1 0.1203125 0.7625 0.125 0.06796875
1 0.47421875 0.76796875 0.02265625 0.0359375
1 0.86328125 0.7609375 0.13203125 0.084375
1 0.53125 0.74296875 0.06796875 0.02109375
1 0.23984375 0.76015625 0.09765625 0.09375
1 0.43125 0.7484375 0.06875 0.040625
1 0.0359375 0.746875 0.06484375 0.02734375
3 0.2359375 0.75859375 0.09453125 0.09375
1 0.3296875 0.7703125 0.00390625 0.0203125
1 0.671875 0.765625 0.05625 0.08984375