1 0.26328125 0.70390625 0.26640625 0.25234375
2 0.31015625 0.7921875 0.090625 0.1578125
2 0.61953125 0.80625 0.0828125 0.134375
2 0.43828125 0.7671875 0.0859375 0.14375
2 0.575 0.7796875 0.028125 0.11171875
2 0.54921875 0.76640625 0.03125 0.1234375
2 0.040625 0.74765625 0.05859375 0.10390625
2 0.80078125 0.7546875 0.04140625 0.09296875
2 0.8671875 0.7625 0.0515625 0.1015625
2 0.68125 0.76484375 0.02734375 0.11484375
2 0.51484375 0.715625 0.03046875 0.1109375
2 0.2296875 0.9015625 0.1015625 0.17109375
2 0.73359375 0.74609375 0.03671875 0.10078125
2 0.4796875 0.76015625 0.02734375 0.1046875
0 0.82734375 0.58125 0.07109375 0.09453125
2 0.11953125 0.7625 0.0328125 0.1078125