2 0.41796875 0.56484375 0.05859375 0.13828125
2 0.65625 0.55546875 0.05078125 0.11484375
2 0.23125 0.534375 0.046875 0.11171875
2 0.52109375 0.521875 0.025 0.06484375
2 0.4484375 0.50546875 0.021875 0.0703125
1 0.85859375 0.5140625 0.059375 0.06328125
1 0.33984375 0.4859375 0.03046875 0.0265625
1 0.29140625 0.4828125 0.03671875 0.040625
1 0.3296875 0.4796875 0.0234375 0.02578125
1 0.82421875 0.509375 0.025 0.03984375
1 0.925 0.47421875 0.02109375 0.02265625
1 0.7734375 0.4671875 0.01640625 0.0234375
1 0.76171875 0.46796875 0.01171875 0.02265625
1 0.75 0.4703125 0.02109375 0.028125
1 0.7359375 0.45 0.01953125 0.01953125
1 0.696875 0.4546875 0.01953125 0.01171875
1 0.78984375 0.46015625 0.01484375 0.02265625
1 0.86953125 0.44453125 0.02421875 0.01796875
1 0.45390625 0.43359375 0.8859375 0.14140625