1 0.12578125 0.21171875 0.12578125 0.08125
1 0.85234375 0.14453125 0.025 0.0234375
1 0.36015625 0.259375 0.36171875 0.27265625
1 0.54921875 0.16171875 0.05 0.059375
1 0.86796875 0.0921875 0.01015625 0.01171875
1 0.7953125 0.13828125 0.01640625 0.02109375
3 0.85703125 0.11640625 0.0140625 0.01953125
3 0.68203125 0.08203125 0.1109375 0.16328125
1 0.865625 0.12734375 0.01484375 0.02265625
1 0.84765625 0.115625 0.0046875 0.01015625
1 0.86328125 0.06953125 0.0078125 0.0109375
3 0.35625 0.25625 0.36015625 0.26796875
3 0.7953125 0.1375 0.01640625 0.02265625