1 0.30390625 0.14921875 0.03203125 0.02109375
1 0.203125 0.11875 0.0296875 0.0203125
3 0.87109375 0.13046875 0.040625 0.04296875
1 0.27265625 0.1375 0.0328125 0.01875
1 0.0046875 0.0703125 0.00859375 0.0140625
1 0.12109375 0.1171875 0.03515625 0.01953125
1 0.1078125 0.09609375 0.0328125 0.01875
1 0.1625 0.125 0.03671875 0.0171875
1 0.07109375 0.10703125 0.02890625 0.0203125
1 0.03671875 0.1015625 0.03203125 0.01328125
1 0.0171875 0.24453125 0.028125 0.02109375
1 0.04140625 0.08203125 0.03671875 0.0234375