1 0.69609375 0.43671875 0.03515625 0.025
1 0.06796875 0.5984375 0.1359375 0.125
1 0.725 0.496875 0.05234375 0.05078125
1 0.7 0.4125 0.01796875 0.01484375
1 0.73671875 0.40703125 0.021875 0.0171875
1 0.7046875 0.396875 0.01875 0.015625
1 0.846875 0.49921875 0.0203125 0.0328125
1 0.6875 0.40390625 0.01953125 0.01875
2 0.48515625 0.57890625 0.0453125 0.078125
2 0.32578125 0.6015625 0.05234375 0.08125
2 0.6078125 0.534375 0.0296875 0.0359375
2 0.53359375 0.53359375 0.03359375 0.04140625
2 0.68359375 0.4734375 0.00859375 0.021875
2 0.63359375 0.5140625 0.0234375 0.03203125
2 0.62421875 0.48828125 0.0171875 0.02109375
3 0.725 0.49609375 0.05546875 0.05625
3 0.76015625 0.42265625 0.03046875 0.028125
3 0.70078125 0.41015625 0.0203125 0.0171875
2 0.16484375 0.6796875 0.190625 0.27265625
2 0.3609375 0.5953125 0.0203125 0.03515625
1 0.73515625 0.39921875 0.0359375 0.01328125
1 0.2609375 0.565625 0.0578125 0.109375