0 0.25 0.59296875 0.19765625 0.30234375
0 0.40859375 0.41640625 0.10234375 0.20703125
0 0.94921875 0.46015625 0.0984375 0.1765625
0 0.496875 0.30390625 0.075 0.13984375
0 0.53515625 0.41875 0.1109375 0.17265625
0 0.72578125 0.21328125 0.04453125 0.0765625
0 0.92421875 0.2109375 0.0578125 0.0875
0 0.52578125 0.20078125 0.03515625 0.06796875
1 0.5546875 0.5140625 0.0765625 0.096875
1 0.7171875 0.7015625 0.12890625 0.1765625
1 0.525 0.6671875 0.1171875 0.1609375
1 0.46328125 0.56640625 0.090625 0.11484375
1 0.3375 0.7734375 0.121875 0.1546875
0 0.61484375 0.365625 0.09765625 0.17890625
0 0.5640625 0.275 0.065625 0.11953125
1 0.68203125 0.37265625 0.0484375 0.09453125
1 0.6625 0.27421875 0.0375 0.03359375
1 0.55625 0.7953125 0.11640625 0.1453125
1 0.53203125 0.58359375 0.10390625 0.10703125
1 0.8359375 0.29375 0.05390625 0.0515625
1 0.815625 0.3546875 0.05859375 0.06328125
1 0.67578125 0.4546875 0.07265625 0.0828125
0 0.58125 0.2421875 0.053125 0.0765625
1 0.94296875 0.328125 0.0609375 0.08515625
0 0.5796875 0.18828125 0.04296875 0.04375
0 0.9578125 0.234375 0.0578125 0.09765625
1 0.5703125 0.44765625 0.85625 0.61015625
0 0.703125 0.41484375 0.221875 0.49296875