1 0.20078125 0.1859375 0.034375 0.02734375
1 0.1609375 0.18828125 0.0421875 0.03359375
1 0.0265625 0.203125 0.03828125 0.03671875
1 0.54921875 0.15625 0.05859375 0.0515625
1 0.134375 0.18515625 0.01640625 0.03828125
1 0.08125 0.19296875 0.01640625 0.028125
1 0.4140625 0.18984375 0.025 0.02578125
1 0.6765625 0.13359375 0.02109375 0.0171875
1 0.3171875 0.17421875 0.03828125 0.0265625
1 0.5171875 0.1625 0.03671875 0.04765625
1 0.23828125 0.17578125 0.0125 0.02890625
1 0.10390625 0.19765625 0.046875 0.03125