1 0.48203125 0.91640625 0.2328125 0.1625
1 0.23671875 0.925 0.3515625 0.14609375
1 0.74765625 0.9234375 0.21953125 0.12734375
0 0.228125 0.82421875 0.17109375 0.06953125
3 0.5640625 0.83984375 0.0796875 0.05625
1 0.87421875 0.93671875 0.0921875 0.12265625
1 0.60546875 0.92265625 0.096875 0.13125
1 0.021875 0.8640625 0.04296875 0.0921875
1 0.34375 0.88828125 0.09609375 0.0765625
1 0.9140625 0.92734375 0.03515625 0.0609375
1 0.97421875 0.93125 0.04921875 0.07421875
1 0.11015625 0.8875 0.1078125 0.06171875
1 0.05 0.95 0.1 0.09609375