1 0.58203125 0.6234375 0.2796875 0.171875
1 0.4875 0.5546875 0.0984375 0.11953125
1 0.7296875 0.5515625 0.05703125 0.06953125
1 0.68984375 0.5390625 0.01796875 0.05234375
1 0.0921875 0.5390625 0.134375 0.0984375
1 0.4 0.52109375 0.04140625 0.034375
1 0.35390625 0.51875 0.0515625 0.0390625
1 0.44375 0.51640625 0.02421875 0.02734375
3 0.23046875 0.49609375 0.1046875 0.11953125
1 0.6046875 0.528125 0.0640625 0.0375
1 0.56171875 0.5203125 0.04375 0.0375
1 0.6953125 0.52421875 0.02578125 0.053125
0 0.6359375 0.49765625 0.09765625 0.134375
3 0.63515625 0.49296875 0.103125 0.12734375
1 0.1671875 0.53203125 0.0515625 0.06171875