1 0.684375 0.5578125 0.06796875 0.09375
1 0.759375 0.49375 0.02265625 0.046875
2 0.97890625 0.6328125 0.0390625 0.19375
2 0.88125 0.6 0.0546875 0.1421875
2 0.85703125 0.5828125 0.07109375 0.13046875
2 0.95859375 0.61171875 0.065625 0.165625
0 0.58828125 0.4828125 0.06953125 0.1078125
0 0.25078125 0.50078125 0.2 0.24765625
0 0.43984375 0.50703125 0.1515625 0.1734375
0 0.8171875 0.48359375 0.09453125 0.12734375
0 0.53515625 0.4953125 0.0421875 0.1203125
1 0.7578125 0.63203125 0.13828125 0.17578125
2 0.9359375 0.63125 0.04140625 0.1359375
2 0.91484375 0.634375 0.03359375 0.1140625
2 0.89375 0.63359375 0.03984375 0.11171875
2 0.990625 0.70390625 0.015625 0.075
2 0.74375 0.50546875 0.01328125 0.03515625