3 0.7109375 0.8046875 0.0671875 0.04296875
3 0.94765625 0.7390625 0.1 0.05625
1 0.84453125 0.89453125 0.0546875 0.0578125
1 0.87734375 0.61171875 0.02109375 0.015625
1 0.8296875 0.95 0.06640625 0.059375
1 0.8765625 0.584375 0.025 0.015625
1 0.9484375 0.5578125 0.0203125 0.0140625
3 0.76875 0.70859375 0.046875 0.0453125
1 0.8453125 0.828125 0.04765625 0.02890625
1 0.796875 0.80703125 0.0359375 0.02265625
1 0.71015625 0.75703125 0.10078125 0.028125
1 0.82890625 0.87265625 0.03984375 0.03984375
1 0.8109375 0.85 0.05859375 0.03125
1 0.7765625 0.8265625 0.0453125 0.02890625
1 0.79375 0.77890625 0.02890625 0.02734375
3 0.72578125 0.896875 0.13203125 0.14609375
3 0.64296875 0.8875 0.125 0.14296875
1 0.840625 0.74765625 0.08515625 0.02109375
1 0.86171875 0.63359375 0.16484375 0.2296875