1 0.48046875 0.66640625 0.940625 0.52109375
1 0.25625 0.32890625 0.509375 0.18203125
1 0.63203125 0.3171875 0.09375 0.109375
1 0.93671875 0.31484375 0.1234375 0.09140625
1 0.57578125 0.315625 0.125 0.09296875
1 0.49375 0.29453125 0.10546875 0.08828125
1 0.1921875 0.50078125 0.384375 0.3578125
1 0.290625 0.2734375 0.0375 0.021875
1 0.40703125 0.30859375 0.021875 0.059375
1 0.89453125 0.28125 0.04140625 0.028125
1 0.896875 0.25625 0.0625 0.0140625
3 0.2609375 0.3296875 0.521875 0.2
1 0.31796875 0.2796875 0.04609375 0.02890625
1 0.51015625 0.32109375 0.0421875 0.065625
1 0.61171875 0.30703125 0.7703125 0.13984375