1 0.9578125 0.49609375 0.08125 0.18359375
1 0.51640625 0.50390625 0.109375 0.078125
1 0.61015625 0.4875 0.10703125 0.12734375
1 0.70234375 0.496875 0.121875 0.12421875
1 0.8421875 0.48671875 0.1859375 0.1609375
1 0.37734375 0.49453125 0.08984375 0.05234375
1 0.30625 0.5015625 0.0828125 0.05703125
1 0.465625 0.4953125 0.09296875 0.0828125
1 0.33046875 0.5015625 0.0421875 0.04453125
1 0.18515625 0.4984375 0.03828125 0.046875
1 0.034375 0.53671875 0.06796875 0.125
1 0.16171875 0.50078125 0.03359375 0.0421875