1 0.3484375 0.52265625 0.028125 0.025
1 0.05546875 0.53125 0.07265625 0.06953125
1 0.0125 0.53984375 0.02421875 0.06484375
1 0.20078125 0.52890625 0.03984375 0.04453125
3 0.8296875 0.465625 0.3375 0.43515625
1 0.37265625 0.521875 0.0234375 0.02421875
1 0.41015625 0.5234375 0.0421875 0.03671875
1 0.16015625 0.525 0.03359375 0.0328125
3 0.1203125 0.53046875 0.11484375 0.0765625
3 0.2390625 0.5265625 0.0609375 0.05078125
1 0.31328125 0.51796875 0.05078125 0.04296875
1 0.390625 0.51796875 0.01640625 0.021875
1 0.28984375 0.515625 0.009375 0.02265625