3 0.48828125 0.31015625 0.178125 0.115625
1 0.39921875 0.50078125 0.171875 0.1453125
3 0.57109375 0.15625 0.0421875 0.05859375
3 0.225 0.61015625 0.27421875 0.271875
1 0.1109375 0.25 0.11015625 0.09296875
1 0.0703125 0.509375 0.140625 0.21171875
1 0.896875 0.70546875 0.1875 0.3171875
1 0.0625 0.271875 0.125 0.096875
1 0.24375 0.22578125 0.07109375 0.0609375
1 0.98671875 0.3234375 0.021875 0.07890625
1 0.58671875 0.3046875 0.109375 0.08984375
1 0.3265625 0.20625 0.0921875 0.04609375
1 0.35859375 0.196875 0.08359375 0.04453125
1 0.5015625 0.2375 0.0875 0.05546875
1 0.56328125 0.20078125 0.8703125 0.23515625