1 0.1359375 0.68515625 0.271875 0.125
1 0.4234375 0.6734375 0.23671875 0.1296875
1 0.75390625 0.65078125 0.16015625 0.0953125
2 0.1984375 0.853125 0.39296875 0.28671875
2 0.925 0.74453125 0.09453125 0.15625
2 0.38828125 0.33125 0.1625 0.2953125
2 0.175 0.27265625 0.34921875 0.34140625
2 0.66796875 0.40234375 0.1875 0.18046875
2 0.90546875 0.43984375 0.1421875 0.159375
2 0.45546875 0.44296875 0.209375 0.11484375
2 0.30703125 0.79765625 0.23671875 0.22421875
2 0.69375 0.70078125 0.215625 0.15625
1 0.70859375 0.45859375 0.21796875 0.0984375