1 0.22109375 0.61484375 0.1046875 0.04609375
1 0.26796875 0.65546875 0.12890625 0.05703125
1 0.32421875 0.61875 0.1078125 0.0484375
1 0.44296875 0.62265625 0.1171875 0.0703125
1 0.71171875 0.7125 0.121875 0.1
1 0.16796875 0.6515625 0.10625 0.06328125
1 0.79453125 0.5578125 0.078125 0.04609375
1 0.06171875 0.678125 0.1234375 0.0640625
1 0.6984375 0.57109375 0.0796875 0.04296875
0 0.35390625 0.84609375 0.6734375 0.30390625
2 0.19296875 0.7703125 0.078125 0.05
2 0.3796875 0.5515625 0.02109375 0.025
2 0.6609375 0.6828125 0.05 0.046875
2 0.553125 0.6921875 0.06015625 0.04609375
2 0.5 0.671875 0.04296875 0.0421875
3 0.61328125 0.5828125 0.11796875 0.08046875
1 0.81484375 0.7359375 0.14765625 0.11015625
2 0.8921875 0.896875 0.0578125 0.1125
2 0.4203125 0.71640625 0.05625 0.0265625
2 0.3390625 0.74453125 0.06796875 0.05703125
2 0.83125 0.66015625 0.05 0.0359375
2 0.28125 0.765625 0.06875 0.06171875
2 0.30234375 0.71015625 0.028125 0.03671875
2 0.20390625 0.8 0.07421875 0.03515625
1 0.0515625 0.63515625 0.103125 0.05078125
2 0.04921875 0.76953125 0.06015625 0.05859375
1 0.5234375 0.56640625 0.07734375 0.04609375
1 0.67265625 0.54765625 0.05234375 0.02265625
1 0.896875 0.88515625 0.01875 0.125
2 0.515625 0.52109375 0.0375 0.03359375