1 0.2546875 0.76015625 0.04609375 0.059375
1 0.54765625 0.778125 0.03671875 0.04921875
1 0.23046875 0.7609375 0.03828125 0.05078125
1 0.39375 0.759375 0.04296875 0.04453125
1 0.44296875 0.765625 0.03984375 0.05390625
1 0.68515625 0.81171875 0.06796875 0.0546875
0 0.8046875 0.7984375 0.175 0.209375
1 0.1171875 0.76484375 0.075 0.0796875
1 0.29609375 0.76953125 0.028125 0.040625
1 0.50390625 0.7734375 0.0421875 0.046875
1 0.2859375 0.73046875 0.02421875 0.02578125
1 0.41328125 0.771875 0.01953125 0.03203125