1 0.375 0.6015625 0.11328125 0.13671875
3 0.771875 0.51328125 0.453125 0.7390625
1 0.90625 0.84765625 0.1828125 0.27890625
1 0.41015625 0.55703125 0.0796875 0.12421875
1 0.1984375 0.7765625 0.390625 0.41796875
1 0.53515625 0.59140625 0.04453125 0.10625
1 0.03125 0.53828125 0.06171875 0.07265625
1 0.51640625 0.53671875 0.0640625 0.0734375
1 0.3484375 0.51484375 0.02734375 0.03046875
1 0.2359375 0.50625 0.02578125 0.04453125
3 0.27578125 0.5296875 0.07578125 0.0921875
1 0.2015625 0.50625 0.046875 0.053125
1 0.48828125 0.53359375 0.01640625 0.0578125
3 0.03203125 0.5375 0.06328125 0.07265625
1 0.5328125 0.5578125 0.04921875 0.0625