1 0.32578125 0.91640625 0.1328125 0.1640625
0 0.21875 0.75234375 0.2328125 0.16796875
0 0.06171875 0.70234375 0.096875 0.10859375
0 0.3796875 0.72421875 0.2109375 0.1171875
0 0.41328125 0.70625 0.2640625 0.11953125
0 0.63515625 0.6734375 0.20078125 0.09453125
0 0.4421875 0.68671875 0.2984375 0.13203125
3 0.63984375 0.88203125 0.14921875 0.16484375
1 0.97109375 0.67578125 0.0546875 0.0515625
3 0.834375 0.63046875 0.08046875 0.06484375
1 0.9109375 0.60546875 0.02734375 0.02421875
1 0.8796875 0.609375 0.0296875 0.0265625
1 0.27578125 0.60546875 0.0140625 0.03125
1 0.9890625 0.6171875 0.01875 0.025
0 0.446875 0.63203125 0.10859375 0.0265625