1 0.26796875 0.4984375 0.03359375 0.03515625
1 0.296875 0.48828125 0.02578125 0.02890625
1 0.28515625 0.49296875 0.021875 0.028125
1 0.0203125 0.50546875 0.040625 0.03125
1 0.49921875 0.4796875 0.021875 0.02421875
1 0.31015625 0.46875 0.015625 0.01796875
1 0.228125 0.475 0.0265625 0.0234375
1 0.1578125 0.48359375 0.01328125 0.01640625
1 0.24609375 0.475 0.01484375 0.0234375
1 0.26484375 0.475 0.0203125 0.01875
1 0.4703125 0.4703125 0.0203125 0.0171875
1 0.19609375 0.47734375 0.02421875 0.03203125
1 0.278125 0.471875 0.0140625 0.01328125
1 0.25078125 0.46640625 0.2328125 0.0375