3 0.70546875 0.66953125 0.15 0.26796875
3 0.36640625 0.459375 0.1265625 0.14609375
1 0.34453125 0.6765625 0.1140625 0.1125
1 0.7359375 0.909375 0.146875 0.15234375
1 0.35078125 0.6109375 0.11171875 0.07109375
1 0.1515625 0.69296875 0.1140625 0.1203125
1 0.2125 0.58359375 0.0921875 0.1203125
3 0.528125 0.5765625 0.14765625 0.26484375
1 0.528125 0.771875 0.11953125 0.12890625
1 0.2171875 0.5125 0.09296875 0.0984375
1 0.28359375 0.4125 0.065625 0.09375
1 0.4328125 0.28125 0.05703125 0.06875
1 0.67265625 0.5109375 0.090625 0.06328125
1 0.51171875 0.4171875 0.06484375 0.08828125
1 0.61015625 0.68046875 0.05 0.10859375
1 0.31953125 0.3328125 0.05625 0.0609375
2 0.64609375 0.46328125 0.0484375 0.028125
1 0.4390625 0.33984375 0.6 0.55390625