1 0.61171875 0.7515625 0.128125 0.07109375
1 0.4328125 0.7265625 0.05 0.03359375
1 0.39609375 0.728125 0.02578125 0.0390625
1 0.3640625 0.72578125 0.046875 0.04375
1 0.65234375 0.7328125 0.04765625 0.0296875
1 0.315625 0.709375 0.0328125 0.015625
1 0.2375 0.7265625 0.06796875 0.046875
1 0.68515625 0.7359375 0.02265625 0.0390625
1 0.18125 0.71875 0.0078125 0.01328125
1 0.09765625 0.70390625 0.03671875 0.02421875
1 0.1375 0.709375 0.04375 0.0203125
1 0.33359375 0.73125 0.053125 0.04140625
1 0.43984375 0.7125 0.6734375 0.08203125