1 0.503125 0.5796875 0.90859375 0.76875
1 0.19765625 0.43671875 0.3875 0.51640625
1 0.40859375 0.18828125 0.3765625 0.2171875
1 0.915625 0.68359375 0.165625 0.628125
1 0.803125 0.14296875 0.1578125 0.0984375
1 0.97890625 0.1515625 0.04140625 0.07421875
1 0.9484375 0.34140625 0.1 0.3203125
1 0.934375 0.1578125 0.0890625 0.0671875
1 0.1828125 0.10390625 0.365625 0.20234375
1 0.9046875 0.19296875 0.08125 0.0875
1 0.86953125 0.1421875 0.04296875 0.02265625
3 0.1859375 0.10234375 0.359375 0.2046875
3 0.803125 0.146875 0.1609375 0.12578125