1 0.840625 0.58125 0.10546875 0.0609375
1 0.05546875 0.41796875 0.1078125 0.2203125
1 0.8015625 0.5375 0.0984375 0.05234375
3 0.5234375 0.18515625 0.50078125 0.28515625
3 0.1703125 0.2125 0.28671875 0.159375
1 0.85390625 0.2 0.07265625 0.0625
3 0.9203125 0.16484375 0.06953125 0.06484375
3 0.83359375 0.1578125 0.11796875 0.06953125
3 0.83515625 0.85 0.1640625 0.13515625
3 0.64609375 0.85 0.4234375 0.29609375
3 0.11015625 0.1 0.2203125 0.2
1 0.6328125 0.72734375 0.1265625 0.07734375
1 0.95390625 0.621875 0.0890625 0.08125
1 0.9359375 0.5765625 0.02265625 0.02421875
1 0.98984375 0.55234375 0.0171875 0.025