1 0.31875 0.4046875 0.24453125 0.1609375
1 0.54140625 0.3078125 0.08984375 0.0984375
1 0.91328125 0.49921875 0.16796875 0.18046875
1 0.1953125 0.34609375 0.2046875 0.1328125
1 0.046875 0.365625 0.09375 0.08125
1 0.77890625 0.375 0.21171875 0.1125
3 0.4140625 0.2234375 0.2375 0.18984375
1 0.540625 0.21328125 0.05234375 0.04140625
1 0.559375 0.1984375 0.078125 0.0359375
1 0.08515625 0.29609375 0.16953125 0.0703125
1 0.17734375 0.22734375 0.0953125 0.053125
1 0.6421875 0.26796875 0.1359375 0.0953125
1 0.24765625 0.253125 0.12109375 0.059375
3 0.63671875 0.16796875 0.12734375 0.0671875
3 0.83203125 0.328125 0.20859375 0.1171875
3 0.21953125 0.1625 0.09609375 0.06875
3 0.5671875 0.1359375 0.04375 0.02734375
3 0.74765625 0.1625 0.04375 0.03203125
3 0.5765625 0.79609375 0.640625 0.3875
1 0.4203125 0.215625 0.78125 0.20234375