1 0.89140625 0.54296875 0.2140625 0.23515625
1 0.45625 0.33828125 0.08359375 0.11796875
1 0.771875 0.3484375 0.1625 0.13828125
1 0.94921875 0.39140625 0.0984375 0.125
0 0.221875 0.19296875 0.0609375 0.10703125
1 0.64296875 0.2828125 0.09921875 0.07265625
1 0.70625 0.26484375 0.06875 0.05859375
3 0.1296875 0.45859375 0.24609375 0.490625
3 0.34375 0.3421875 0.184375 0.31796875
3 0.6859375 0.16015625 0.084375 0.0375
3 0.509375 0.2703125 0.10859375 0.1265625
1 0.57109375 0.259375 0.07109375 0.07890625
1 0.56328125 0.2203125 0.06953125 0.04765625
1 0.4125 0.2265625 0.0359375 0.0515625
3 0.6765625 0.39765625 0.184375 0.1890625
3 0.10859375 0.2328125 0.15390625 0.21796875
3 0.63125 0.20078125 0.04453125 0.04921875
3 0.95078125 0.20703125 0.0953125 0.08125
1 0.77109375 0.28828125 0.10546875 0.075
3 0.25625 0.15625 0.0390625 0.059375
1 0.63203125 0.2015625 0.0484375 0.0546875
3 0.7734375 0.34921875 0.15703125 0.13203125
1 0.6171875 0.23984375 0.6625 0.18359375