2 0.63203125 0.79296875 0.1375 0.32109375
2 0.42734375 0.81015625 0.22265625 0.3015625
2 0.2484375 0.809375 0.22890625 0.25625
2 0.875 0.8046875 0.24921875 0.315625
2 0.13984375 0.715625 0.1390625 0.1421875
2 0.5421875 0.69140625 0.07109375 0.2140625
2 0.703125 0.65234375 0.04140625 0.0984375
2 0.265625 0.66015625 0.146875 0.1109375
2 0.6546875 0.6609375 0.0890625 0.08671875
2 0.9609375 0.7 0.075 0.125
2 0.38046875 0.58046875 0.025 0.01953125
2 0.25546875 0.59765625 0.03125 0.04375
2 0.0515625 0.78203125 0.10234375 0.24296875
2 0.5 0.66875 0.99609375 0.24375