2 0.61171875 0.2453125 0.2375 0.34609375
2 0.7453125 0.11640625 0.13828125 0.19140625
2 0.37734375 0.146875 0.28359375 0.228125
2 0.23984375 0.146875 0.25625 0.271875
2 0.58828125 0.078125 0.1453125 0.1234375
2 0.45625 0.065625 0.1875 0.12578125
2 0.9 0.15625 0.171875 0.23984375
1 0.94609375 0.01953125 0.09609375 0.03828125
1 0.71953125 0.01640625 0.0859375 0.0328125
1 0.82734375 0.0234375 0.14140625 0.04609375
2 0.3765625 0.034375 0.12890625 0.06875
2 0.44375 0.01953125 0.1078125 0.0390625
2 0.28515625 0.03984375 0.128125 0.07890625