1 0.22890625 0.578125 0.0140625 0.0125
1 0.16640625 0.5828125 0.01640625 0.01640625
1 0.2203125 0.57265625 0.01484375 0.01484375
1 0.3328125 0.5265625 0.0078125 0.0109375
1 0.26640625 0.57109375 0.01484375 0.01875
1 0.04453125 0.59765625 0.028125 0.0203125
3 0.0734375 0.584375 0.04453125 0.04453125
1 0.253125 0.53125 0.00625 0.0140625
1 0.365625 0.52734375 0.00859375 0.0125
1 0.3640625 0.55 0.0078125 0.01484375
1 0.33984375 0.553125 0.0125 0.0125
1 0.66484375 0.41171875 0.00234375 0.003125
1 0.0265625 0.56015625 0.01796875 0.01796875
1 0.234375 0.53046875 0.00546875 0.01015625
3 0.20234375 0.5328125 0.0296875 0.02734375
1 0.50625 0.60234375 0.675 0.115625