0 0.5765625 0.50703125 0.646875 0.640625
1 0.21640625 0.43828125 0.05625 0.05703125
1 0.109375 0.425 0.07734375 0.03984375
1 0.08046875 0.41484375 0.08125 0.0359375
1 0.05703125 0.40390625 0.071875 0.02578125
1 0.0421875 0.35078125 0.02265625 0.015625
1 0.08125 0.3734375 0.03203125 0.0390625
1 0.94765625 0.365625 0.03984375 0.025
1 0.9078125 0.35546875 0.03203125 0.0375
1 0.2015625 0.403125 0.04375 0.05625
1 0.04140625 0.37109375 0.028125 0.03203125
1 0.05859375 0.39140625 0.0609375 0.02734375
1 0.01640625 0.37578125 0.02265625 0.0328125