0 0.34140625 0.54921875 0.07109375 0.046875
0 0.45546875 0.5015625 0.05 0.0359375
1 0.37265625 0.50078125 0.0234375 0.0171875
1 0.34453125 0.521875 0.02578125 0.01640625
1 0.3234375 0.5125 0.02734375 0.01796875
1 0.96796875 0.73828125 0.02890625 0.0328125
1 0.2640625 0.5359375 0.02578125 0.01640625
1 0.2453125 0.52265625 0.03125 0.01484375
1 0.27734375 0.5109375 0.028125 0.01484375
3 0.4546875 0.46953125 0.04375 0.03203125
3 0.8765625 0.82265625 0.046875 0.06796875
3 0.92265625 0.77734375 0.03984375 0.03984375
1 0.25859375 0.5515625 0.025 0.015625
1 0.2484375 0.5703125 0.0203125 0.01875
1 0.1875 0.52109375 0.02890625 0.01484375
1 0.40234375 0.50234375 0.025 0.0140625
1 0.1046875 0.54921875 0.03046875 0.021875
1 0.22265625 0.5078125 0.025 0.015625
1 0.553125 0.653125 0.890625 0.628125