1 0.7109375 0.75078125 0.153125 0.21015625
1 0.971875 0.703125 0.05546875 0.0953125
1 0.77890625 0.68515625 0.04765625 0.06796875
1 0.8640625 0.67734375 0.05546875 0.059375
1 0.9125 0.665625 0.04609375 0.06171875
2 0.815625 0.86015625 0.09375 0.2078125
2 0.853125 0.73046875 0.04140625 0.05625
2 0.92578125 0.80703125 0.065625 0.14453125
2 0.79375 0.7140625 0.01796875 0.02890625
2 0.5796875 0.7421875 0.06640625 0.04765625
3 0.91484375 0.6671875 0.05078125 0.065625
3 0.196875 0.7265625 0.2 0.19765625
1 0.934375 0.665625 0.0203125 0.059375
1 0.9921875 0.6484375 0.0125 0.0140625
1 0.1984375 0.7234375 0.21953125 0.2125
3 0.05703125 0.709375 0.1109375 0.2078125
1 0.94921875 0.66953125 0.0203125 0.0515625