1 0.30859375 0.69375 0.1078125 0.05859375
1 0.3109375 0.6984375 0.109375 0.05859375
1 0.44921875 0.66796875 0.03828125 0.02578125
1 0.61875 0.7015625 0.08984375 0.0546875
1 0.4796875 0.6640625 0.03984375 0.01796875
1 0.5546875 0.65625 0.0265625 0.01640625
1 0.3828125 0.6703125 0.05625 0.03203125
1 0.56484375 0.71015625 0.12890625 0.065625
1 0.06953125 0.70546875 0.12421875 0.05703125
1 0.5140625 0.66171875 0.03359375 0.01796875
1 0.490625 0.6625 0.0328125 0.01875
1 0.175 0.6921875 0.10078125 0.0578125
1 0.2265625 0.6984375 0.453125 0.08125