1 0.6203125 0.259375 0.13984375 0.06484375
1 0.64296875 0.19453125 0.11953125 0.0734375
1 0.509375 0.21328125 0.11640625 0.06875
1 0.7765625 0.246875 0.1390625 0.0734375
1 0.79296875 0.1921875 0.11015625 0.0578125
1 0.8609375 0.2015625 0.1171875 0.059375
1 0.415625 0.2625 0.12421875 0.059375
1 0.26171875 0.2828125 0.1359375 0.06015625
1 0.03984375 0.7625 0.0796875 0.11484375
1 0.16640625 0.86015625 0.1375 0.14375
1 0.92734375 0.2265625 0.1421875 0.071875
1 0.959375 0.17890625 0.08046875 0.06640625
1 0.0125 0.2953125 0.025 0.065625
0 0.02578125 0.634375 0.0515625 0.14609375