1 0.8421875 0.1796875 0.31484375 0.1640625
1 0.6359375 0.1421875 0.2703125 0.11484375
1 0.878125 0.0796875 0.1703125 0.040625
1 0.575 0.09453125 0.07265625 0.0390625
1 0.73515625 0.08984375 0.13828125 0.04765625
1 0.071875 0.13203125 0.05859375 0.0265625
1 0.39609375 0.1421875 0.23046875 0.1265625
1 0.14375 0.1359375 0.065625 0.0796875
1 0.46796875 0.09375 0.11875 0.053125
1 0.25859375 0.1265625 0.1859375 0.13046875
1 0.525 0.1109375 0.0890625 0.03671875
1 0.03671875 0.128125 0.03046875 0.02265625