1 0.56015625 0.578125 0.06484375 0.025
1 0.3921875 0.57265625 0.06171875 0.0390625
1 0.22578125 0.578125 0.028125 0.015625
1 0.1859375 0.58046875 0.0265625 0.0171875
0 0.3109375 0.5625 0.13046875 0.09609375
3 0.803125 0.60234375 0.390625 0.2515625
1 0.43046875 0.57578125 0.0328125 0.0234375
1 0.49140625 0.58359375 0.090625 0.0390625
1 0.21875 0.57421875 0.0203125 0.0171875
1 0.54453125 0.5671875 0.04453125 0.01640625
1 0.446875 0.57109375 0.01796875 0.01015625
1 0.24375 0.5796875 0.01484375 0.02890625