1 0.25078125 0.85078125 0.04140625 0.040625
1 0.3375 0.84921875 0.01640625 0.01796875
1 0.59765625 0.84609375 0.021875 0.02890625
1 0.18515625 0.84921875 0.0546875 0.04921875
1 0.95078125 0.840625 0.09765625 0.10546875
1 0.35703125 0.846875 0.01484375 0.01796875
1 0.22734375 0.853125 0.01875 0.03359375
3 0.75234375 0.84140625 0.08125 0.08203125
3 0.5484375 0.8390625 0.0453125 0.0609375
3 0.09375 0.8390625 0.09921875 0.08984375
3 0.28359375 0.84453125 0.02578125 0.0359375
3 0.5 0.8421875 0.02421875 0.0296875
3 0.95 0.84140625 0.09765625 0.10546875
3 0.184375 0.84765625 0.05390625 0.053125
1 0.3875 0.84921875 0.01875 0.01875
1 0.3671875 0.84609375 0.01015625 0.01484375