2 0.22421875 0.53359375 0.4109375 0.6671875
2 0.5078125 0.45234375 0.19453125 0.50390625
2 0.59140625 0.43203125 0.16953125 0.4734375
2 0.65546875 0.4546875 0.09609375 0.359375
2 0.684375 0.40625 0.11875 0.40078125
2 0.73203125 0.3640625 0.14140625 0.4078125
2 0.7640625 0.34609375 0.1046875 0.3296875
2 0.7984375 0.37578125 0.08046875 0.2359375
2 0.43515625 0.4671875 0.18359375 0.53046875
2 0.3859375 0.54453125 0.165625 0.55234375
2 0.42734375 0.53359375 0.15078125 0.521875
2 0.834375 0.37109375 0.08515625 0.23203125
2 0.86640625 0.346875 0.090625 0.2359375