2 0.67109375 0.79609375 0.11640625 0.38359375
2 0.896875 0.60703125 0.06484375 0.18125
2 0.77734375 0.65859375 0.0875 0.2640625
2 0.05234375 0.690625 0.1046875 0.11015625
2 0.45078125 0.5875 0.05546875 0.15859375
2 0.05859375 0.65 0.1140625 0.109375
2 0.03828125 0.8625 0.0765625 0.27109375
2 0.16796875 0.8265625 0.2671875 0.34609375
2 0.83359375 0.58046875 0.0546875 0.14140625
2 0.38359375 0.54453125 0.03984375 0.08359375
2 0.5 0.5078125 0.02265625 0.04453125
2 0.053125 0.775 0.10625 0.1625
2 0.9625 0.5921875 0.071875 0.11953125