1 0.065625 0.6 0.02890625 0.1
1 0.9046875 0.60546875 0.04453125 0.1328125
1 0.75703125 0.60703125 0.0234375 0.103125
1 0.034375 0.5984375 0.025 0.115625
1 0.18515625 0.61640625 0.0546875 0.1328125
1 0.0171875 0.61875 0.034375 0.140625
1 0.8421875 0.54140625 0.0125 0.03125
1 0.7984375 0.5515625 0.009375 0.03515625
1 0.77421875 0.57578125 0.01875 0.06640625
2 0.9328125 0.5875 0.02109375 0.1140625
0 0.4453125 0.59609375 0.44765625 0.70625
3 0.7078125 0.5765625 0.0828125 0.28125
3 0.09765625 0.5328125 0.01484375 0.07578125
1 0.15078125 0.59140625 0.02578125 0.0875
1 0.13984375 0.57890625 0.01875 0.06640625
2 0.95234375 0.57734375 0.0140625 0.0890625
1 0.7859375 0.5640625 0.0140625 0.059375
1 0.47421875 0.584375 0.8640625 0.76328125