3 0.5078125 0.57421875 0.16484375 0.2453125
1 0.37421875 0.59296875 0.10234375 0.14765625
1 0.46328125 0.72109375 0.11484375 0.15234375
1 0.575 0.5171875 0.10859375 0.11875
1 0.80703125 0.69765625 0.11953125 0.1546875
1 0.69140625 0.61171875 0.1046875 0.12421875
1 0.9203125 0.8078125 0.08046875 0.12265625
1 0.934375 0.9421875 0.10625 0.1125
1 0.36875 0.36640625 0.06015625 0.06015625
1 0.48359375 0.44609375 0.07890625 0.07578125
1 0.4 0.46328125 0.07421875 0.0953125
1 0.73515625 0.95546875 0.1484375 0.084375
1 0.58984375 0.8578125 0.15859375 0.20078125
1 0.31484375 0.5140625 0.065625 0.1
1 0.41015625 0.53359375 0.3796875 0.35625