1 0.81953125 0.7859375 0.30234375 0.26640625
1 0.80234375 0.6390625 0.05546875 0.0421875
1 0.6609375 0.6359375 0.0421875 0.0703125
1 0.72421875 0.64375 0.0828125 0.0953125
2 0.6015625 0.70078125 0.15234375 0.140625
2 0.5046875 0.6671875 0.04140625 0.0578125
1 0.63984375 0.62109375 0.05859375 0.04609375
1 0.603125 0.61484375 0.0328125 0.028125
1 0.93125 0.66171875 0.134375 0.1453125
1 0.8390625 0.62578125 0.05625 0.0328125
1 0.40859375 0.6234375 0.03828125 0.03125
0 0.725 0.59140625 0.10078125 0.121875
0 0.65078125 0.58359375 0.05625 0.06171875
2 0.43984375 0.63203125 0.0171875 0.0328125