1 0.06875 0.6328125 0.1375 0.096875
1 0.2875 0.59609375 0.06953125 0.03828125
1 0.3515625 0.6421875 0.12421875 0.09765625
1 0.38515625 0.57578125 0.0546875 0.0359375
1 0.88984375 0.6265625 0.21640625 0.078125
3 0.0421875 0.58203125 0.0828125 0.0546875
1 0.84296875 0.59609375 0.1078125 0.0453125
1 0.75625 0.60625 0.16640625 0.06796875
1 0.97578125 0.646875 0.04375 0.090625
1 0.69921875 0.58984375 0.11328125 0.034375
1 0.346875 0.5875 0.540625 0.0390625
1 0.121875 0.8765625 0.24375 0.24375
1 0.2859375 0.57734375 0.05703125 0.021875
3 0.9015625 0.57265625 0.096875 0.02109375