1 0.29765625 0.5765625 0.0546875 0.040625
1 0.3875 0.58671875 0.0578125 0.06171875
1 0.253125 0.5671875 0.0421875 0.03046875
1 0.10390625 0.6859375 0.02421875 0.02890625
0 0.559375 0.37109375 0.20625 0.1640625
0 0.2109375 0.54609375 0.0609375 0.065625
3 0.775 0.6859375 0.44296875 0.6015625
3 0.28046875 0.52421875 0.04765625 0.0453125
1 0.58984375 0.61875 0.0765625 0.084375
1 0.0765625 0.67890625 0.00546875 0.0125
1 0.06328125 0.6765625 0.021875 0.0375
0 0.171875 0.55 0.021875 0.0234375
3 0.4953125 0.54453125 0.16015625 0.10625