1 0.234375 0.60234375 0.065625 0.06953125
1 0.4921875 0.5875 0.0375 0.040625
1 0.54140625 0.590625 0.02734375 0.03046875
1 0.61328125 0.51953125 0.015625 0.021875
2 0.49140625 0.8859375 0.075 0.15625
1 0.646875 0.46875 0.01484375 0.01875
1 0.621875 0.5078125 0.0140625 0.01953125
1 0.5234375 0.58125 0.01796875 0.021875
1 0.55859375 0.58671875 0.0140625 0.02734375
1 0.5890625 0.54296875 0.015625 0.01875
1 0.63125 0.4921875 0.0125 0.01796875
1 0.5375 0.56640625 0.021875 0.02109375
1 0.65234375 0.45859375 0.01640625 0.015625
3 0.6765625 0.45859375 0.01796875 0.02421875