0 0.771875 0.721875 0.18203125 0.14140625
0 0.8515625 0.584375 0.05078125 0.0609375
1 0.37578125 0.92734375 0.165625 0.1203125
1 0.28203125 0.86796875 0.1734375 0.08046875
1 0.1078125 0.94453125 0.215625 0.10546875
1 0.57265625 0.89921875 0.19140625 0.11015625
1 0.1921875 0.9234375 0.109375 0.09921875
1 0.9296875 0.6296875 0.0375 0.05625
1 0.88671875 0.71484375 0.05 0.06015625
1 0.96015625 0.69375 0.0546875 0.0578125
1 0.88671875 0.7890625 0.0890625 0.09453125
1 0.76328125 0.81953125 0.13828125 0.115625
1 0.93359375 0.734375 0.075 0.07890625
1 0.96484375 0.65859375 0.04609375 0.05078125
0 0.5703125 0.69296875 0.121875 0.12578125
0 0.35234375 0.67265625 0.16640625 0.128125
0 0.51484375 0.67734375 0.14375 0.10390625
0 0.76875 0.60703125 0.0765625 0.07421875
0 0.70625 0.6078125 0.06875 0.08125
0 0.57109375 0.625 0.1375 0.046875
0 0.51640625 0.61640625 0.09453125 0.059375
3 0.97109375 0.4984375 0.0375 0.05703125
3 0.12265625 0.56875 0.0453125 0.0390625
1 0.18046875 0.62890625 0.02734375 0.0359375
0 0.5890625 0.58984375 0.07265625 0.03828125
0 0.7515625 0.56953125 0.03828125 0.025
0 0.23828125 0.75546875 0.1203125 0.15546875
1 0.43515625 0.7734375 0.3421875 0.16171875