2 0.16875 0.55546875 0.21171875 0.26796875
2 0.290625 0.528125 0.0984375 0.21015625
2 0.3453125 0.496875 0.11015625 0.17109375
2 0.81328125 0.57890625 0.27109375 0.36171875
2 0.64765625 0.50234375 0.14609375 0.159375
2 0.0828125 0.67890625 0.15859375 0.3953125
2 0.5703125 0.42421875 0.065625 0.0625
2 0.38828125 0.4671875 0.06484375 0.13125
2 0.41171875 0.45078125 0.046875 0.09765625
2 0.446875 0.42734375 0.0421875 0.0625
2 0.6140625 0.453125 0.12421875 0.1234375
2 0.42734375 0.440625 0.046875 0.0671875
2 0.45703125 0.41953125 0.02734375 0.04453125
2 0.31953125 0.42109375 0.4859375 0.075