1 0.39453125 0.78671875 0.1078125 0.06171875
1 0.06796875 0.78046875 0.1359375 0.0796875
1 0.4734375 0.77890625 0.05390625 0.0421875
1 0.42265625 0.7640625 0.05546875 0.03046875
1 0.62734375 0.7828125 0.05078125 0.04296875
1 0.21953125 0.78828125 0.1734375 0.09765625
1 0.93359375 0.89140625 0.1296875 0.18984375
1 0.92109375 0.79140625 0.1546875 0.1546875
1 0.3234375 0.775 0.0640625 0.04140625
1 0.2796875 0.76171875 0.0515625 0.0375
1 0.515625 0.77578125 0.034375 0.03828125
1 0.5375 0.77421875 0.02734375 0.034375
3 0.58359375 0.77734375 0.05078125 0.04765625
1 0.4578125 0.76015625 0.03046875 0.025
3 0.684375 0.77265625 0.028125 0.0375
1 0.61875 0.7671875 0.146875 0.04453125