1 0.290625 0.74375 0.02265625 0.01015625
1 0.41171875 0.7484375 0.0140625 0.009375
1 0.37734375 0.75390625 0.0234375 0.00703125
0 0.17890625 0.76875 0.0515625 0.00859375
1 0.1890625 0.76015625 0.01328125 0.0078125
1 0.1203125 0.7640625 0.0140625 0.00625
1 0.29453125 0.76015625 0.01015625 0.0046875
1 0.1015625 0.76328125 0.0171875 0.01015625
1 0.17578125 0.740625 0.01953125 0.00625
1 0.328125 0.7546875 0.00859375 0.00546875
1 0.23671875 0.765625 0.0171875 0.00859375
1 0.25 0.7625 0.009375 0.00546875
1 0.3078125 0.75703125 0.01875 0.00625
1 0.22890625 0.7609375 0.015625 0.009375
1 0.2375 0.70703125 0.47109375 0.1234375