2 0.8078125 0.74609375 0.38125 0.4515625
1 0.1984375 0.5609375 0.39609375 0.37421875
1 0.6640625 0.375 0.15546875 0.1875
1 0.9125 0.371875 0.15859375 0.1390625
1 0.615625 0.3515625 0.17734375 0.16640625
1 0.43046875 0.4234375 0.24609375 0.19453125
1 0.55078125 0.3140625 0.0671875 0.1078125
1 0.42890625 0.278125 0.103125 0.0625
1 0.95625 0.30078125 0.08671875 0.08046875
1 0.91875 0.26640625 0.1609375 0.08359375
1 0.96875 0.46953125 0.059375 0.265625
3 0.403125 0.23828125 0.096875 0.05
1 0.165625 0.309375 0.13671875 0.12265625
1 0.33359375 0.346875 0.16640625 0.08359375
1 0.1421875 0.23828125 0.0671875 0.03984375
1 0.42890625 0.3015625 0.8515625 0.378125