1 0.5609375 0.19921875 0.02734375 0.04453125
1 0.5921875 0.18984375 0.04921875 0.03828125
1 0.87734375 0.17109375 0.02421875 0.02578125
1 0.5234375 0.19140625 0.0609375 0.07734375
1 0.59765625 0.165625 0.028125 0.04140625
3 0.30078125 0.1734375 0.2171875 0.18515625
1 0.9859375 0.1734375 0.025 0.028125
1 0.97109375 0.17421875 0.00703125 0.01875
1 0.94921875 0.17265625 0.02421875 0.0234375
3 0.54609375 0.1515625 0.078125 0.0375
3 0.4625 0.171875 0.11875 0.1234375
3 0.69765625 0.1421875 0.05546875 0.01484375
3 0.91875 0.16875 0.0359375 0.03203125
1 0.89609375 0.1734375 0.01640625 0.0234375
3 0.784375 0.1640625 0.0515625 0.04921875
1 0.91875 0.16875 0.034375 0.0328125