1 0.51875 0.4921875 0.065625 0.0328125
1 0.50625 0.478125 0.04765625 0.02890625
1 0.4703125 0.478125 0.02421875 0.01875
1 0.91171875 0.48671875 0.0921875 0.0390625
1 0.7609375 0.47890625 0.02109375 0.0234375
1 0.63046875 0.47265625 0.02421875 0.01640625
1 0.58984375 0.47265625 0.021875 0.00703125
1 0.6625 0.4734375 0.03984375 0.0203125
1 0.68984375 0.47421875 0.03359375 0.021875
1 0.8421875 0.48046875 0.07578125 0.0390625
1 0.7296875 0.48125 0.0515625 0.0234375
1 0.78984375 0.478125 0.05078125 0.034375
1 0.475 0.48203125 0.01640625 0.02265625