3 0.50078125 0.50234375 0.99765625 0.959375
1 0.09140625 0.47265625 0.1828125 0.3328125
1 0.96640625 0.50234375 0.0640625 0.19453125
1 0.1546875 0.28515625 0.08515625 0.09453125
3 0.9015625 0.1796875 0.046875 0.13203125
3 0.86171875 0.31328125 0.05234375 0.17890625
1 0.97421875 0.33046875 0.0484375 0.15703125
1 0.98046875 0.2234375 0.0359375 0.07421875
1 0.98046875 0.15234375 0.0359375 0.0734375
1 0.9859375 0.0890625 0.025 0.0625
1 0.95546875 0.42265625 0.07734375 0.203125
1 0.89765625 0.02265625 0.02734375 0.0390625
1 0.91328125 0.14140625 0.04375 0.11328125
1 0.915625 0.10703125 0.05234375 0.1234375
1 0.86484375 0.359375 0.0359375 0.16484375
1 0.48203125 0.1859375 0.9640625 0.371875