0 0.08671875 0.6265625 0.1734375 0.390625
0 0.22421875 0.4015625 0.13203125 0.21796875
0 0.36796875 0.30859375 0.1015625 0.18046875
0 0.540625 0.3296875 0.08984375 0.18125
0 0.3875 0.0953125 0.0328125 0.0640625
0 0.275 0.31171875 0.1125 0.178125
1 0.390625 0.6125 0.10546875 0.203125
1 0.41875 0.478125 0.07265625 0.1015625
1 0.45234375 0.30546875 0.053125 0.0296875
1 0.18671875 0.51171875 0.06484375 0.15859375
1 0.353125 0.76328125 0.12421875 0.17734375
1 0.44140625 0.41796875 0.06875 0.12421875
1 0.4484375 0.27578125 0.03828125 0.0609375
1 0.45703125 0.215625 0.0390625 0.034375
1 0.51640625 0.21796875 0.02109375 0.0421875
1 0.46171875 0.1640625 0.025 0.01484375
1 0.4625 0.13125 0.0265625 0.025
1 0.4640625 0.2015625 0.0296875 0.0328125
1 0.45546875 0.2796875 0.0375 0.025
0 0.35859375 0.18125 0.06328125 0.0984375
1 0.34765625 0.20859375 0.4359375 0.3453125