3 0.415625 0.5828125 0.046875 0.06875
3 0.3390625 0.59609375 0.07421875 0.04921875
3 0.115625 0.5484375 0.08515625 0.03984375
3 0.253125 0.59453125 0.05390625 0.05078125
3 0.48671875 0.5890625 0.0765625 0.05234375
3 0.58671875 0.5953125 0.05078125 0.04140625
3 0.7078125 0.59375 0.06484375 0.04453125
3 0.65078125 0.559375 0.0828125 0.0421875
3 0.97109375 0.66875 0.0546875 0.0625
3 0.89453125 0.55078125 0.03671875 0.02890625
3 0.7484375 0.55390625 0.071875 0.04609375
3 0.9625 0.57421875 0.07421875 0.07578125
3 0.0703125 0.4828125 0.040625 0.02578125