2 0.90546875 0.8328125 0.1859375 0.26640625
3 0.4765625 0.65390625 0.2875 0.3140625
3 0.190625 0.76015625 0.178125 0.15859375
1 0.07265625 0.75546875 0.14453125 0.23828125
1 0.8109375 0.71875 0.1203125 0.12109375
1 0.6359375 0.5734375 0.05625 0.0859375
1 0.74296875 0.3453125 0.06484375 0.065625
1 0.78203125 0.28203125 0.0390625 0.04921875
1 0.83203125 0.18046875 0.0265625 0.0328125
1 0.84140625 0.1703125 0.02421875 0.034375
1 0.67421875 0.70390625 0.11640625 0.12109375
1 0.94375 0.63046875 0.1109375 0.0734375
1 0.95 0.58359375 0.096875 0.0578125
3 0.94453125 0.3 0.0375 0.02734375
1 0.94140625 0.54140625 0.1140625 0.0703125
2 0.91796875 0.83671875 0.1609375 0.20546875
1 0.2890625 0.74375 0.11640625 0.13359375
1 0.553125 0.43984375 0.890625 0.69765625