1 0.91875 0.31015625 0.10703125 0.02890625
1 0.8 0.32265625 0.05078125 0.034375
1 0.96640625 0.29609375 0.0484375 0.01953125
1 0.7828125 0.3140625 0.09375 0.04375
1 0.728125 0.31328125 0.0546875 0.01171875
1 0.85546875 0.30234375 0.059375 0.01875
1 0.9859375 0.3109375 0.025 0.021875
2 0.4171875 0.45390625 0.390625 0.56171875
2 0.64140625 0.3703125 0.1921875 0.10234375
1 0.01484375 0.34921875 0.02890625 0.01015625
1 0.28359375 0.34453125 0.0546875 0.04296875
1 0.66796875 0.325 0.046875 0.0265625
1 0.078125 0.35859375 0.0203125 0.01953125
1 0.0953125 0.34609375 0.06328125 0.0078125
1 0.7765625 0.47734375 0.44296875 0.6671875