1 0.0359375 0.65546875 0.02890625 0.0328125
1 0.2375 0.65859375 0.040625 0.040625
1 0.534375 0.66875 0.08515625 0.0453125
1 0.175 0.6328125 0.05859375 0.0296875
1 0.1953125 0.65390625 0.06015625 0.03984375
1 0.28203125 0.65859375 0.05078125 0.03515625
1 0.97265625 0.67578125 0.053125 0.0390625
1 0.41796875 0.66484375 0.0390625 0.03828125
1 0.28046875 0.63125 0.06171875 0.02109375
3 0.19765625 0.65 0.05859375 0.05078125
3 0.2734375 0.63515625 0.04296875 0.01875
3 0.25078125 0.6234375 0.06953125 0.0359375
1 0.4515625 0.6609375 0.04453125 0.03984375
1 0.309375 0.6578125 0.0546875 0.04453125