1 0.95625 0.5828125 0.08671875 0.1546875
1 0.85546875 0.56328125 0.134375 0.1375
1 0.73671875 0.5671875 0.109375 0.08828125
1 0.65390625 0.5546875 0.0859375 0.08671875
1 0.54140625 0.51640625 0.0671875 0.046875
1 0.4234375 0.54140625 0.0671875 0.05703125
1 0.37578125 0.53671875 0.05234375 0.05
1 0.471875 0.5078125 0.03203125 0.04296875
1 0.340625 0.52265625 0.04921875 0.05234375
1 0.5921875 0.53203125 0.0625 0.053125
1 0.390625 0.47421875 0.03671875 0.0359375
1 0.46171875 0.496875 0.03828125 0.03359375
1 0.53046875 0.53515625 0.03125 0.0328125
1 0.3984375 0.48046875 0.278125 0.08515625