1 0.165625 0.48203125 0.33125 0.1796875
1 0.4265625 0.50703125 0.2265625 0.103125
1 0.9140625 0.45625 0.1359375 0.03203125
1 0.5390625 0.45546875 0.06875 0.03203125
1 0.52421875 0.453125 0.05859375 0.0234375
2 0.5234375 0.59609375 0.3046875 0.26015625
2 0.83984375 0.58515625 0.30703125 0.21640625
2 0.15234375 0.60625 0.2203125 0.2921875
2 0.9796875 0.5484375 0.0375 0.115625
1 0.978125 0.48125 0.03984375 0.040625
3 0.7171875 0.49921875 0.40234375 0.14375
3 0.3875 0.44296875 0.1015625 0.0265625
3 0.33359375 0.44296875 0.09609375 0.034375
3 0.88671875 0.45625 0.07734375 0.03203125
1 0.83515625 0.4625 0.165625 0.03203125