1 0.165625 0.75390625 0.32578125 0.33515625
1 0.26484375 0.3328125 0.075 0.046875
1 0.16875 0.3421875 0.0859375 0.04609375
1 0.034375 0.3453125 0.06875 0.04921875
1 0.6703125 0.3125 0.0515625 0.0375
1 0.75078125 0.31484375 0.04921875 0.0359375
1 0.84296875 0.32109375 0.0265625 0.034375
1 0.8828125 0.31875 0.04609375 0.04140625
1 0.9328125 0.46640625 0.1265625 0.125
1 0.578125 0.29921875 0.03515625 0.02265625
1 0.6421875 0.571875 0.284375 0.215625
1 0.61171875 0.29609375 0.02734375 0.02421875
1 0.70703125 0.2921875 0.01484375 0.0171875
1 0.54765625 0.29375 0.2328125 0.0390625