1 0.38515625 0.384375 0.06328125 0.05625
1 0.28046875 0.275 0.03828125 0.05859375
1 0.353125 0.2828125 0.034375 0.03984375
1 0.28515625 0.184375 0.0265625 0.03671875
1 0.50859375 0.36171875 0.271875 0.22578125
2 0.12265625 0.38203125 0.08359375 0.06171875
1 0.19609375 0.16171875 0.0234375 0.02890625
1 0.321875 0.2484375 0.040625 0.059375
1 0.1359375 0.32890625 0.0703125 0.0953125
1 0.378125 0.30625 0.0546875 0.06875
1 0.303125 0.2328125 0.028125 0.04140625
1 0.296875 0.21875 0.02890625 0.03359375
1 0.2421875 0.203125 0.02890625 0.03359375
1 0.13515625 0.23203125 0.040625 0.096875