1 0.96796875 0.271875 0.01484375 0.01796875
1 0.5171875 0.27890625 0.03671875 0.0140625
1 0.64296875 0.28046875 0.03125 0.009375
1 0.29765625 0.284375 0.0296875 0.0109375
1 0.94609375 0.26796875 0.015625 0.01875
1 0.4 0.28046875 0.04140625 0.01640625
1 0.33515625 0.28203125 0.034375 0.01484375
1 0.234375 0.28359375 0.02890625 0.01171875
1 0.48203125 0.28203125 0.03046875 0.0109375
1 0.55078125 0.28125 0.01953125 0.01171875
1 0.93984375 0.2890625 0.03125 0.04296875
1 0.02578125 0.2890625 0.0203125 0.0171875