1 0.92890625 0.69765625 0.1390625 0.4359375
1 0.878125 0.63359375 0.240625 0.3421875
1 0.05625 0.73984375 0.11171875 0.503125
1 0.80703125 0.57890625 0.21328125 0.2984375
1 0.71015625 0.5640625 0.0953125 0.225
1 0.6265625 0.54375 0.06875 0.15703125
1 0.1484375 0.58359375 0.296875 0.38984375
1 0.10859375 0.7109375 0.20390625 0.428125
1 0.69453125 0.54296875 0.1125 0.2
1 0.61015625 0.53046875 0.10625 0.14140625
1 0.22421875 0.44140625 0.0734375 0.11484375
1 0.6046875 0.46328125 0.1078125 0.0625
1 0.2671875 0.515625 0.06796875 0.1859375
1 0.4078125 0.490625 0.30625 0.18046875