1 0.2875 0.81484375 0.40703125 0.1171875
1 0.2734375 0.6171875 0.05703125 0.07265625
1 0.5046875 0.72421875 0.08203125 0.08125
1 0.44140625 0.68125 0.071875 0.075
1 0.03046875 0.78046875 0.05703125 0.1578125
1 0.50703125 0.61484375 0.06875 0.08359375
1 0.35546875 0.640625 0.0703125 0.05078125
1 0.33828125 0.59140625 0.0546875 0.0609375
1 0.578125 0.78984375 0.1234375 0.165625
1 0.33046875 0.72421875 0.19765625 0.12890625
1 0.6515625 0.65625 0.06328125 0.08203125
1 0.22265625 0.5984375 0.0484375 0.0640625
1 0.49609375 0.65078125 0.0625 0.06640625
1 0.44453125 0.58359375 0.8734375 0.828125