1 0.83359375 0.753125 0.03359375 0.025
1 0.68828125 0.76640625 0.08046875 0.0375
1 0.35625 0.7578125 0.04296875 0.028125
1 0.246875 0.75703125 0.04765625 0.02578125
1 0.5546875 0.76640625 0.071875 0.04140625
1 0.08828125 0.7640625 0.0515625 0.02578125
1 0.9765625 0.7484375 0.0421875 0.02265625
1 0.6234375 0.7671875 0.03125 0.03671875
3 0.9140625 0.740625 0.06640625 0.04375
1 0.1125 0.76328125 0.03046875 0.02265625
1 0.978125 0.7578125 0.01171875 0.00703125
3 0.5765625 0.746875 0.0296875 0.0328125