1 0.17421875 0.3921875 0.0296875 0.02265625
1 0.15859375 0.3859375 0.03515625 0.025
1 0.1390625 0.3703125 0.03515625 0.0265625
1 0.09296875 0.33125 0.03046875 0.021875
3 0.01953125 0.27265625 0.03125 0.02109375
3 0.109375 0.34453125 0.03359375 0.02109375
3 0.19921875 0.471875 0.0296875 0.0484375
3 0.12265625 0.3546875 0.03671875 0.025
3 0.05625 0.3015625 0.03125 0.0171875
1 0.04375 0.29140625 0.0234375 0.0203125
1 0.12734375 0.3609375 0.02890625 0.01640625
1 0.1015625 0.33828125 0.02578125 0.01796875
1 0.06015625 0.309375 0.03046875 0.0203125
1 0.078125 0.3265625 0.01015625 0.015625
1 0.07421875 0.31875 0.03984375 0.0203125
1 0.39296875 0.27578125 0.7734375 0.46640625