1 0.6015625 0.91015625 0.0515625 0.0671875
1 0.48046875 0.9 0.03671875 0.046875
1 0.653125 0.89921875 0.0203125 0.02890625
1 0.6921875 0.89375 0.0109375 0.0078125
1 0.75390625 0.9015625 0.028125 0.03125
1 0.84296875 0.90546875 0.034375 0.03359375
3 0.36875 0.8734375 0.0953125 0.15390625
3 0.5484375 0.871875 0.04453125 0.0828125
3 0.67890625 0.89375 0.0171875 0.0296875
3 0.88671875 0.90625 0.040625 0.05546875
3 0.75390625 0.903125 0.03125 0.0359375
3 0.81015625 0.903125 0.0328125 0.0421875
3 0.6 0.86328125 0.03359375 0.0234375
3 0.64921875 0.8640625 0.021875 0.05
1 0.728125 0.89296875 0.00859375 0.009375
1 0.77578125 0.8984375 0.0171875 0.021875