2 0.70546875 0.56171875 0.25859375 0.34453125
2 0.828125 0.68359375 0.340625 0.6125
2 0.5859375 0.4015625 0.08125 0.21171875
2 0.5734375 0.8125 0.315625 0.37109375
2 0.25703125 0.428125 0.12109375 0.17265625
2 0.05859375 0.63125 0.1171875 0.34296875
2 0.515625 0.37578125 0.03125 0.11953125
2 0.91328125 0.3546875 0.08125 0.16953125
2 0.17578125 0.48984375 0.11640625 0.1953125
2 0.465625 0.434375 0.06875 0.11640625
2 0.95859375 0.4984375 0.0796875 0.15
2 0.16640625 0.778125 0.3328125 0.43984375
2 0.1140625 0.421875 0.09296875 0.19140625
2 0.49296875 0.40390625 0.9453125 0.30859375