1 0.09453125 0.50234375 0.11640625 0.0765625
1 0.5046875 0.553125 0.22109375 0.1328125
1 0.6328125 0.52578125 0.11875 0.0796875
1 0.2890625 0.4859375 0.090625 0.0609375
1 0.33828125 0.48359375 0.05703125 0.05703125
1 0.65625 0.509375 0.11328125 0.078125
1 0.840625 0.48515625 0.03359375 0.03203125
1 0.55859375 0.475 0.04296875 0.02109375
1 0.034375 0.5078125 0.06875 0.07578125
1 0.16875 0.49609375 0.09140625 0.06484375
1 0.6796875 0.503125 0.115625 0.06796875
1 0.2234375 0.49375 0.07890625 0.0578125