1 0.35546875 0.58125 0.15234375 0.10390625
1 0.56171875 0.6546875 0.18203125 0.23203125
1 0.30546875 0.56875 0.09921875 0.11171875
1 0.75390625 0.715625 0.4890625 0.3140625
1 0.9296875 0.5765625 0.1375 0.10390625
1 0.95703125 0.53828125 0.0828125 0.0703125
1 0.91015625 0.5140625 0.078125 0.03515625
1 0.378125 0.61875 0.12734375 0.15703125
1 0.96953125 0.90078125 0.0578125 0.19375
1 0.6015625 0.51875 0.0859375 0.05703125
1 0.16796875 0.52578125 0.0328125 0.03359375
1 0.40546875 0.659375 0.025 0.0796875