1 0.06171875 0.48515625 0.1234375 0.08828125
1 0.13359375 0.478125 0.07890625 0.06796875
1 0.23125 0.46328125 0.0625 0.0421875
1 0.30390625 0.45390625 0.025 0.0328125
1 0.321875 0.44375 0.0578125 0.034375
1 0.6640625 0.4640625 0.12109375 0.0546875
1 0.45234375 0.440625 0.0390625 0.021875
1 0.571875 0.453125 0.040625 0.03203125
1 0.61015625 0.4609375 0.04140625 0.0390625
1 0.1734375 0.4703125 0.09375 0.0578125
1 0.3828125 0.446875 0.04921875 0.02734375
1 0.54296875 0.4453125 0.0296875 0.0234375
1 0.309375 0.4484375 0.03671875 0.03203125
1 0.3265625 0.490625 0.6484375 0.171875