3 0.034375 0.4359375 0.0578125 0.028125
1 0.8078125 0.54375 0.059375 0.05
1 0.88359375 0.5453125 0.05390625 0.046875
1 0.9625 0.54453125 0.07265625 0.05078125
1 0.56875 0.5421875 0.090625 0.0390625
1 0.5171875 0.54296875 0.04140625 0.0359375
1 0.42890625 0.54375 0.03359375 0.02734375
1 0.40546875 0.5484375 0.0171875 0.01796875
1 0.3546875 0.5421875 0.03125 0.028125
1 0.28828125 0.53671875 0.04375 0.03515625
1 0.4359375 0.54453125 0.02734375 0.028125
1 0.6796875 0.54140625 0.0578125 0.04296875
1 0.49375 0.54296875 0.03515625 0.0328125
1 0.46171875 0.54296875 0.040625 0.03046875
1 0.41953125 0.53046875 0.6484375 0.06015625