1 0.6515625 0.7125 0.2875 0.12578125
1 0.78125 0.659375 0.1234375 0.05859375
1 0.95625 0.65390625 0.08359375 0.0671875
1 0.1984375 0.671875 0.265625 0.0921875
1 0.3546875 0.66484375 0.08046875 0.0703125
1 0.48046875 0.65859375 0.04375 0.07109375
1 0.06953125 0.67109375 0.1390625 0.0796875
1 0.90546875 0.64140625 0.05546875 0.04140625
1 0.85078125 0.6453125 0.06171875 0.040625
1 0.58046875 0.65546875 0.14609375 0.0609375
1 0.55 0.64375 0.1046875 0.05234375
1 0.3671875 0.634375 0.0546875 0.02578125