1 0.55859375 0.24296875 0.0859375 0.1296875
1 0.66328125 0.25859375 0.08515625 0.09140625
1 0.81484375 0.26953125 0.06171875 0.13046875
1 0.76640625 0.25546875 0.11640625 0.134375
1 0.95703125 0.29609375 0.0828125 0.18046875
2 0.46015625 0.26171875 0.02421875 0.07421875
1 0.49921875 0.2265625 0.0296875 0.0421875
1 0.0453125 0.24375 0.090625 0.140625
1 0.08984375 0.253125 0.02734375 0.10703125
1 0.984375 0.328125 0.028125 0.140625
1 0.8890625 0.2984375 0.10625 0.146875
1 0.165625 0.24296875 0.059375 0.0671875
1 0.22578125 0.23203125 0.01953125 0.05859375
1 0.25546875 0.221875 0.0453125 0.06484375
1 0.51953125 0.2234375 0.7390625 0.25078125