1 0.0765625 0.61640625 0.15234375 0.240625
1 0.1578125 0.54296875 0.08515625 0.07109375
1 0.35078125 0.521875 0.04140625 0.04921875
1 0.3828125 0.51328125 0.02265625 0.028125
1 0.29296875 0.50703125 0.02734375 0.0109375
1 0.4234375 0.503125 0.01640625 0.01875
1 0.2375 0.52890625 0.04765625 0.0453125
1 0.28828125 0.54375 0.0703125 0.07109375
1 0.64609375 0.51171875 0.02578125 0.03359375
1 0.25 0.50859375 0.02578125 0.01875
1 0.3046875 0.50234375 0.0171875 0.021875
1 0.334375 0.51171875 0.0140625 0.0328125
1 0.875 0.525 0.0453125 0.0671875
1 0.565625 0.50390625 0.40625 0.05859375