1 0.5 0.80546875 0.9953125 0.2734375
1 0.25859375 0.64296875 0.08125 0.05
1 0.9125 0.70546875 0.17109375 0.1171875
1 0.83984375 0.6875 0.17265625 0.10078125
1 0.7546875 0.68671875 0.065625 0.06875
1 0.4265625 0.63984375 0.1546875 0.04296875
1 0.7359375 0.6765625 0.06328125 0.0640625
1 0.73046875 0.66484375 0.1171875 0.0625
1 0.6203125 0.65 0.11015625 0.034375
1 0.69140625 0.65625 0.05625 0.05234375
1 0.553125 0.63203125 0.04921875 0.028125
1 0.14296875 0.63046875 0.03828125 0.02421875
3 0.5 0.81484375 0.9953125 0.2515625