2 0.11484375 0.6359375 0.2265625 0.421875
2 0.675 0.5515625 0.20859375 0.26015625
2 0.9 0.51953125 0.1671875 0.2109375
2 0.92578125 0.46015625 0.14765625 0.0796875
2 0.34140625 0.5984375 0.26796875 0.3921875
2 0.46796875 0.40625 0.06796875 0.0890625
2 0.47890625 0.5828125 0.1921875 0.3234375
2 0.6796875 0.375 0.07890625 0.09609375
2 0.55546875 0.5734375 0.2453125 0.259375
2 0.81015625 0.51796875 0.18359375 0.2984375
2 0.06328125 0.42578125 0.04765625 0.11484375
2 0.13671875 0.39453125 0.0546875 0.08203125
2 0.3578125 0.40859375 0.05 0.109375
2 0.50703125 0.40546875 0.9828125 0.678125