2 0.55390625 0.63046875 0.1421875 0.39765625
3 0.8953125 0.2390625 0.11484375 0.19296875
1 0.11875 0.3609375 0.21328125 0.25546875
1 0.39140625 0.30625 0.18046875 0.15703125
1 0.8390625 0.28515625 0.128125 0.1484375
1 0.47890625 0.2890625 0.0640625 0.1265625
1 0.01484375 0.36328125 0.02421875 0.28515625
1 0.7671875 0.24921875 0.06484375 0.09140625
1 0.63828125 0.2578125 0.06171875 0.08046875
1 0.61953125 0.27421875 0.06171875 0.0734375
1 0.6765625 0.25078125 0.0484375 0.1
1 0.71015625 0.25 0.0484375 0.0828125