1 0.14609375 0.4828125 0.29140625 0.31484375
1 0.49140625 0.3671875 0.0578125 0.084375
1 0.04453125 0.30078125 0.0859375 0.05859375
1 0.725 0.3453125 0.04140625 0.0609375
1 0.68203125 0.34609375 0.0484375 0.071875
1 0.53359375 0.32890625 0.0484375 0.034375
1 0.6640625 0.35234375 0.03203125 0.0640625
1 0.78125 0.3421875 0.015625 0.04609375
1 0.240625 0.3640625 0.1765625 0.16015625
1 0.84375 0.3375 0.015625 0.03125
1 0.81484375 0.34375 0.03046875 0.034375
1 0.79296875 0.34453125 0.01875 0.04140625