3 0.0890625 0.621875 0.01875 0.03984375
1 0.30078125 0.7203125 0.01875 0.02890625
1 0.30546875 0.690625 0.01796875 0.02734375
1 0.3125 0.6171875 0.01640625 0.025
1 0.49453125 0.62734375 0.015625 0.01875
1 0.2671875 0.6578125 0.015625 0.02265625
1 0.4359375 0.61875 0.0171875 0.021875
1 0.45546875 0.62265625 0.01875 0.03046875
1 0.659375 0.915625 0.021875 0.025
1 0.5828125 0.68203125 0.015625 0.0234375
3 0.27265625 0.61953125 0.021875 0.0328125
3 0.30078125 0.72109375 0.01796875 0.0328125
3 0.16015625 0.9203125 0.02421875 0.0625
3 0.0609375 0.72578125 0.01953125 0.03046875
3 0.50625 0.8375 0.01953125 0.034375
1 0.51875 0.65 0.015625 0.0390625
1 0.3390625 0.78515625 0.021875 0.028125
1 0.6203125 0.78828125 0.0140625 0.0125
1 0.53984375 0.64921875 0.01875 0.021875
1 0.475 0.66484375 0.909375 0.44296875