1 0.15234375 0.59296875 0.065625 0.06953125
1 0.06796875 0.59140625 0.040625 0.0375
1 0.03046875 0.58359375 0.0296875 0.02890625
1 0.925 0.49921875 0.10703125 0.0609375
2 0.240625 0.63671875 0.23359375 0.371875
2 0.3703125 0.60859375 0.04296875 0.11171875
2 0.72890625 0.59921875 0.271875 0.20625
2 0.421875 0.63984375 0.084375 0.140625
1 0.77890625 0.50234375 0.02890625 0.02734375
1 0.396875 0.5453125 0.01875 0.01640625
1 0.05546875 0.58203125 0.02109375 0.028125
2 0.3203125 0.5984375 0.04296875 0.10703125