1 0.978125 0.72421875 0.03359375 0.02265625
1 0.90078125 0.72578125 0.0375 0.0171875
1 0.91328125 0.7265625 0.03046875 0.01796875
1 0.96015625 0.725 0.03203125 0.01953125
1 0.81171875 0.71640625 0.0234375 0.0171875
1 0.78515625 0.71640625 0.0265625 0.0171875
1 0.7625 0.71640625 0.01953125 0.01171875
1 0.71484375 0.71328125 0.03046875 0.0125
1 0.9421875 0.715625 0.01796875 0.0140625
1 0.8421875 0.71875 0.0578125 0.02890625
1 0.7359375 0.7140625 0.01875 0.0140625
1 0.9875 0.7265625 0.021875 0.02265625
1 0.66796875 0.71328125 0.0125 0.01171875
1 0.5140625 0.7140625 0.89375 0.04765625