1 0.53671875 0.496875 0.02890625 0.0484375
1 0.59296875 0.50546875 0.02890625 0.05625
2 0.76171875 0.71953125 0.1125 0.43828125
2 0.640625 0.55625 0.04609375 0.11640625
1 0.5609375 0.4109375 0.009375 0.015625
1 0.58671875 0.45 0.0265625 0.02890625
1 0.53984375 0.446875 0.0140625 0.02109375
1 0.559375 0.44140625 0.02578125 0.0375
1 0.58125 0.4265625 0.0125 0.021875
1 0.49921875 0.44921875 0.01796875 0.04296875
1 0.5171875 0.4421875 0.01328125 0.03984375
1 0.5265625 0.42265625 0.009375 0.03203125
1 0.57734375 0.4015625 0.01015625 0.01640625
1 0.74921875 0.53515625 0.12421875 0.090625