1 0.01875 0.5828125 0.03671875 0.096875
1 0.04609375 0.56640625 0.09140625 0.09296875
1 0.15703125 0.571875 0.10234375 0.1234375
0 0.340625 0.45625 0.14296875 0.346875
1 0.2546875 0.51171875 0.015625 0.02109375
1 0.41796875 0.559375 0.02265625 0.09609375
1 0.21171875 0.5171875 0.02421875 0.034375
1 0.0890625 0.546875 0.06328125 0.065625
1 0.61875 0.61875 0.3875 0.3203125
1 0.246875 0.50625 0.01171875 0.021875
1 0.19296875 0.5203125 0.028125 0.0375
1 0.75390625 0.5078125 0.021875 0.0453125
1 0.13515625 0.521875 0.04921875 0.03203125
3 0.61796875 0.62109375 0.38984375 0.31171875