1 0.3015625 0.4640625 0.10546875 0.16484375
1 0.47890625 0.45078125 0.09765625 0.15390625
1 0.04453125 0.54140625 0.08828125 0.15859375
1 0.8953125 0.25703125 0.040625 0.05703125
1 0.75859375 0.2921875 0.128125 0.0921875
1 0.58671875 0.3546875 0.10703125 0.0703125
1 0.20703125 0.52265625 0.09609375 0.13203125
1 0.37109375 0.4171875 0.0578125 0.0578125
1 0.1140625 0.53515625 0.103125 0.13984375
3 0.30234375 0.47421875 0.11015625 0.18515625
3 0.9546875 0.25234375 0.0875 0.2453125
1 0.66796875 0.40546875 0.196875 0.15859375
1 0.95625 0.253125 0.084375 0.24375
1 0.17890625 0.47734375 0.06171875 0.05