1 0.446875 0.11015625 0.0734375 0.05625
1 0.32109375 0.1078125 0.06171875 0.06015625
1 0.509375 0.1015625 0.08125 0.0671875
1 0.221875 0.1109375 0.0921875 0.0578125
1 0.73046875 0.0984375 0.10078125 0.0546875
1 0.26640625 0.11953125 0.0640625 0.0515625
1 0.63359375 0.10546875 0.05703125 0.053125
1 0.86171875 0.09140625 0.06171875 0.065625
1 0.559375 0.1078125 0.07109375 0.04609375
1 0.9671875 0.0921875 0.0625 0.05390625
1 0.39921875 0.1109375 0.06171875 0.05
1 0.67734375 0.10546875 0.07734375 0.05
1 0.92734375 0.0875 0.10703125 0.071875