1 0.165625 0.75546875 0.28125 0.1171875
1 0.3 0.72265625 0.22109375 0.11328125
1 0.38515625 0.69921875 0.0875 0.0421875
1 0.478125 0.67265625 0.0421875 0.0359375
0 0.828125 0.61328125 0.26015625 0.31484375
3 0.98125 0.61953125 0.034375 0.075
1 0.4453125 0.68828125 0.09609375 0.0453125
1 0.95 0.8359375 0.096875 0.1875
1 0.075 0.7140625 0.03671875 0.028125
1 0.653125 0.6671875 0.02890625 0.05078125
1 0.334375 0.671875 0.0484375 0.02578125
1 0.02578125 0.71953125 0.0515625 0.0703125
1 0.1015625 0.7015625 0.0296875 0.0171875