1 0.028125 0.44296875 0.0515625 0.02578125
1 0.1421875 0.42578125 0.0453125 0.021875
1 0.11640625 0.4203125 0.0203125 0.02109375
1 0.21328125 0.4171875 0.01953125 0.0171875
1 0.3875 0.4203125 0.03359375 0.01796875
1 0.28125 0.4296875 0.015625 0.021875
1 0.4296875 0.4203125 0.0171875 0.01640625
1 0.23671875 0.41640625 0.02578125 0.01796875
1 0.3359375 0.4203125 0.021875 0.025
1 0.53828125 0.4265625 0.0296875 0.02890625
1 0.4578125 0.41875 0.01484375 0.01796875
1 0.48125 0.415625 0.01640625 0.009375
1 0.26875 0.4078125 0.521875 0.07578125