3 0.128125 0.5359375 0.1078125 0.12890625
1 0.7453125 0.61953125 0.109375 0.134375
1 0.9359375 0.66875 0.125 0.14296875
1 0.05546875 0.6078125 0.10390625 0.171875
3 0.06015625 0.60625 0.0953125 0.16171875
3 0.65078125 0.60234375 0.1078125 0.13125
1 0.85859375 0.65546875 0.1078125 0.1265625
1 0.7890625 0.640625 0.1109375 0.1171875
1 0.0390625 0.64921875 0.078125 0.2359375
1 0.5 0.64609375 0.996875 0.2390625
1 0.23125 0.44921875 0.015625 0.0234375
1 0.08671875 0.4859375 0.03671875 0.04140625
1 0.19140625 0.5046875 0.02421875 0.04140625
1 0.646875 0.60234375 0.10078125 0.13203125
1 0.1 0.4671875 0.0203125 0.0171875