1 0.74609375 0.51015625 0.15546875 0.1015625
1 0.5171875 0.5015625 0.07265625 0.06015625
1 0.5640625 0.49453125 0.053125 0.05078125
1 0.4109375 0.48671875 0.02734375 0.034375
1 0.384375 0.4875 0.03984375 0.04296875
3 0.62890625 0.49609375 0.0671875 0.04453125
1 0.59375 0.49375 0.03515625 0.04296875
1 0.8953125 0.48984375 0.0328125 0.03515625
1 0.45 0.48515625 0.0421875 0.04296875
1 0.2984375 0.5 0.13515625 0.05078125
1 0.2515625 0.49921875 0.05703125 0.0484375
1 0.1953125 0.4890625 0.0265625 0.03125