1 0.6546875 0.42109375 0.0296875 0.02890625
1 0.73203125 0.421875 0.0203125 0.03125
1 0.3515625 0.41015625 0.0296875 0.03046875
1 0.378125 0.40859375 0.025 0.025
1 0.75703125 0.4203125 0.02890625 0.028125
1 0.5546875 0.421875 0.02578125 0.0234375
1 0.58671875 0.42109375 0.03515625 0.02421875
1 0.8109375 0.39609375 0.034375 0.01171875
1 0.10859375 0.39609375 0.0125 0.01875
1 0.8234375 0.42421875 0.03984375 0.02890625
1 0.79140625 0.4234375 0.025 0.02265625
1 0.621875 0.4171875 0.0484375 0.03515625
1 0.765625 0.39609375 0.02578125 0.01015625
1 0.49921875 0.40390625 0.9984375 0.0703125