2 0.15390625 0.715625 0.3078125 0.54609375
2 0.32421875 0.7171875 0.253125 0.53359375
2 0.48125 0.70703125 0.23203125 0.425
2 0.56953125 0.70625 0.16015625 0.31953125
2 0.63359375 0.6625 0.1625 0.3484375
2 0.71875 0.646875 0.15546875 0.32265625
2 0.78359375 0.63984375 0.1015625 0.2796875
2 0.83203125 0.6296875 0.10546875 0.265625
2 0.89296875 0.64609375 0.09765625 0.18828125
2 0.89609375 0.6 0.1359375 0.23828125
2 0.9390625 0.5953125 0.0703125 0.21484375
2 0.96640625 0.59453125 0.0640625 0.18359375