1 0.90859375 0.765625 0.1671875 0.18046875
1 0.0359375 0.80234375 0.04609375 0.03515625
1 0.21796875 0.79609375 0.02890625 0.02734375
1 0.5375 0.77578125 0.03671875 0.021875
1 0.24921875 0.79296875 0.03046875 0.0234375
1 0.28828125 0.78984375 0.0484375 0.02734375
1 0.33203125 0.79140625 0.03046875 0.01953125
1 0.6828125 0.77109375 0.0453125 0.01953125
1 0.0171875 0.80234375 0.034375 0.0390625
1 0.1875 0.8 0.02890625 0.02421875
1 0.2671875 0.79140625 0.03671875 0.02890625
1 0.3546875 0.78828125 0.03671875 0.02109375
1 0.76640625 0.76328125 0.0328125 0.01953125
1 0.43828125 0.78671875 0.6453125 0.05625