3 0.6953125 0.7265625 0.18515625 0.10546875
1 0.2046875 0.74140625 0.0859375 0.08203125
1 0.22109375 0.696875 0.06484375 0.0328125
1 0.2796875 0.715625 0.11328125 0.0609375
1 0.428125 0.725 0.11875 0.05546875
3 0.07578125 0.6640625 0.09921875 0.06640625
1 0.35390625 0.71875 0.0625 0.04765625
1 0.52890625 0.73203125 0.12890625 0.06171875
1 0.084375 0.71796875 0.08671875 0.04453125
1 0.17421875 0.68984375 0.0421875 0.015625
1 0.175 0.696875 0.0375 0.01015625
1 0.03046875 0.7171875 0.05703125 0.06171875