1 0.946875 0.4328125 0.103125 0.23203125
2 0.3765625 0.6203125 0.09453125 0.20234375
2 0.13515625 0.67109375 0.10703125 0.22109375
2 0.44296875 0.59375 0.02421875 0.159375
2 0.53046875 0.6265625 0.09921875 0.24765625
2 0.87265625 0.565625 0.0921875 0.15078125
2 0.609375 0.58046875 0.0703125 0.14453125
2 0.20390625 0.64765625 0.09375 0.19609375
2 0.31484375 0.6109375 0.04765625 0.1578125
2 0.4765625 0.61015625 0.059375 0.16328125
2 0.6625 0.553125 0.059375 0.13046875
2 0.796875 0.52421875 0.078125 0.12421875
2 0.0515625 0.6421875 0.0859375 0.3078125