1 0.3578125 0.66796875 0.271875 0.3046875
0 0.5953125 0.50703125 0.4765625 0.35625
0 0.26640625 0.4765625 0.06484375 0.0578125
0 0.13125 0.509375 0.071875 0.1234375
0 0.90703125 0.51171875 0.1828125 0.1328125
1 0.9 0.5828125 0.16875 0.165625
1 0.80234375 0.840625 0.390625 0.31796875
1 0.25078125 0.5703125 0.09921875 0.13828125
1 0.909375 0.52890625 0.0640625 0.0578125
1 0.20234375 0.55078125 0.028125 0.07734375
1 0.2 0.53046875 0.03359375 0.04296875
0 0.21796875 0.48359375 0.03828125 0.03984375
0 0.18359375 0.48671875 0.02109375 0.02578125
1 0.18984375 0.5234375 0.02421875 0.03671875
1 0.18828125 0.51484375 0.02890625 0.0265625
1 0.17109375 0.50546875 0.01015625 0.02265625