1 0.7671875 0.9640625 0.11875 0.065625
1 0.77109375 0.93515625 0.1046875 0.04296875
1 0.96875 0.878125 0.06171875 0.053125
1 0.9875 0.91640625 0.021875 0.0453125
1 0.98046875 0.88984375 0.0359375 0.0515625
1 0.7203125 0.92890625 0.0734375 0.0421875
3 0.56328125 0.78515625 0.09296875 0.14453125
3 0.646875 0.80390625 0.0765625 0.12421875
3 0.88671875 0.81171875 0.07890625 0.0765625
3 0.94609375 0.80546875 0.04609375 0.0546875
3 0.1640625 0.5734375 0.0328125 0.03515625
3 0.72265625 0.79921875 0.075 0.11796875
1 0.66796875 0.8859375 0.06171875 0.0359375
1 0.7140625 0.90703125 0.0859375 0.03671875