2 0.35546875 0.83828125 0.3390625 0.31875
2 0.603125 0.60625 0.084375 0.196875
2 0.678125 0.4515625 0.040625 0.08046875
2 0.6515625 0.48203125 0.02265625 0.028125
0 0.66484375 0.3234375 0.121875 0.06796875
1 0.73515625 0.66484375 0.2890625 0.36875
1 0.2453125 0.62890625 0.39140625 0.37734375
1 0.06796875 0.58359375 0.1359375 0.3140625
2 0.78828125 0.41875 0.02578125 0.0359375
3 0.43203125 0.48125 0.20390625 0.2828125
3 0.27890625 0.37578125 0.18984375 0.1625
3 0.56796875 0.3328125 0.05390625 0.06015625
3 0.48984375 0.3140625 0.04765625 0.06328125
1 0.559375 0.46796875 0.07578125 0.13671875
1 0.7359375 0.428125 0.06015625 0.053125
1 0.20390625 0.47421875 0.16328125 0.10625
1 0.75546875 0.4640625 0.13359375 0.07578125
1 0.51875 0.36015625 0.0171875 0.021875
1 0.72734375 0.38125 0.04140625 0.021875
1 0.54765625 0.38203125 0.04296875 0.04765625
1 0.64921875 0.409375 0.02265625 0.06484375
1 0.65625 0.38671875 0.0375 0.0359375
2 0.70234375 0.4390625 0.01328125 0.0390625
0 0.53046875 0.32734375 0.0703125 0.0671875
2 0.6875 0.38984375 0.02421875 0.05703125
1 0.54765625 0.4484375 0.4234375 0.33984375