2 0.4296875 0.59453125 0.85859375 0.77109375
2 0.5953125 0.41015625 0.51484375 0.1546875
2 0.59296875 0.31796875 0.32265625 0.090625
2 0.690625 0.36953125 0.4234375 0.20234375
2 0.46328125 0.2546875 0.10234375 0.06875
2 0.94609375 0.3171875 0.04375 0.0703125
2 0.35078125 0.56171875 0.22265625 0.1859375
2 0.88125 0.3609375 0.1328125 0.09453125
2 0.90546875 0.31484375 0.0703125 0.11015625
2 0.4484375 0.35625 0.3296875 0.08515625
2 0.94921875 0.29453125 0.07421875 0.08515625
2 0.8890625 0.3265625 0.1171875 0.1015625
2 0.9765625 0.28203125 0.0421875 0.0515625