1 0.1296875 0.96484375 0.25 0.065625
0 0.54765625 0.815625 0.1640625 0.3328125
3 0.2734375 0.88125 0.07421875 0.10625
3 0.40546875 0.8609375 0.0265625 0.05546875
1 0.40078125 0.87578125 0.02265625 0.0453125
1 0.43828125 0.88046875 0.03671875 0.0328125
1 0.46171875 0.8859375 0.0109375 0.0234375
3 0.321875 0.8828125 0.028125 0.06171875
3 0.22578125 0.9046875 0.06328125 0.10078125
1 0.32109375 0.88125 0.02734375 0.06171875
1 0.4203125 0.8765625 0.0140625 0.03125
3 0.36796875 0.86953125 0.04453125 0.07734375