3 0.60859375 0.4953125 0.18515625 0.35703125
3 0.3515625 0.525 0.23984375 0.2125
3 0.7328125 0.371875 0.06328125 0.09609375
3 0.1796875 0.8625 0.26171875 0.23671875
1 0.0703125 0.81015625 0.1359375 0.14921875
1 0.35703125 0.6828125 0.16171875 0.17265625
1 0.4375 0.6171875 0.12421875 0.12421875
1 0.48515625 0.55625 0.0921875 0.09140625
3 0.20625 0.665625 0.18125 0.15234375
3 0.61484375 0.3484375 0.08671875 0.10390625
3 0.5203125 0.39921875 0.0796875 0.06171875
3 0.2078125 0.3265625 0.0640625 0.03984375
3 0.01875 0.43046875 0.03671875 0.17265625
1 0.8109375 0.39765625 0.0609375 0.0484375
1 0.1359375 0.39296875 0.06171875 0.0671875
1 0.54609375 0.459375 0.07421875 0.05703125
1 0.80078125 0.36796875 0.04765625 0.0234375
1 0.5265625 0.6921875 0.12578125 0.1234375
1 0.1421875 0.59921875 0.1328125 0.1015625
1 0.06328125 0.66875 0.121875 0.128125
1 0.4921875 0.4328125 0.06640625 0.04921875
1 0.44140625 0.646875 0.8265625 0.70234375