1 0.3140625 0.921875 0.07109375 0.040625
1 0.634375 0.94140625 0.10234375 0.0515625
1 0.321875 0.88515625 0.05078125 0.01796875
1 0.38828125 0.87890625 0.0390625 0.028125
1 0.51796875 0.88359375 0.03671875 0.025
1 0.6484375 0.9921875 0.0859375 0.0140625
1 0.51015625 0.86953125 0.04453125 0.03046875
1 0.5375 0.9015625 0.04609375 0.03984375
1 0.33125 0.8609375 0.03203125 0.01640625
1 0.3921875 0.859375 0.0375 0.0265625
1 0.64140625 0.9765625 0.11875 0.04609375
1 0.3328125 0.90546875 0.08046875 0.0375
1 0.33671875 0.8765625 0.03046875 0.01640625
1 0.359375 0.85 0.10546875 0.040625