1 0.18984375 0.296875 0.04140625 0.05703125
2 0.6734375 0.80703125 0.49296875 0.3640625
2 0.4203125 0.81328125 0.21953125 0.3484375
2 0.40546875 0.75546875 0.48984375 0.4640625
2 0.25390625 0.659375 0.27421875 0.5390625
2 0.109375 0.478125 0.08125 0.13515625
2 0.90234375 0.43984375 0.19296875 0.26796875
2 0.80546875 0.409375 0.1828125 0.2359375
2 0.171875 0.53671875 0.1984375 0.31015625
2 0.14609375 0.425 0.14375 0.1625
3 0.20234375 0.253125 0.15390625 0.08359375
2 0.17578125 0.53359375 0.17890625 0.36171875
2 0.8296875 0.88203125 0.3375 0.209375
2 0.47421875 0.36640625 0.04375 0.14609375
2 0.7375 0.6625 0.271875 0.19921875
3 0.18984375 0.2875 0.04453125 0.0625
2 0.51484375 0.625 0.9671875 0.7453125