1 0.38046875 0.659375 0.121875 0.07890625
1 0.6 0.65390625 0.12578125 0.07890625
1 0.6984375 0.65078125 0.1453125 0.08515625
1 0.5265625 0.66171875 0.115625 0.0640625
1 0.20625 0.66484375 0.06875 0.05390625
1 0.1359375 0.6640625 0.05234375 0.040625
1 0.47265625 0.66015625 0.065625 0.04765625
1 0.2703125 0.66328125 0.06328125 0.03984375
1 0.16875 0.66484375 0.0234375 0.02578125
1 0.3234375 0.65546875 0.05078125 0.06015625
1 0.259375 0.65 0.0453125 0.0171875
1 0.021875 0.66875 0.02578125 0.01640625