1 0.07265625 0.4328125 0.01796875 0.0265625
1 0.034375 0.45859375 0.06171875 0.04921875
0 0.7453125 0.41875 0.0890625 0.10078125
3 0.8734375 0.4890625 0.11171875 0.134375
3 0.7953125 0.47109375 0.08515625 0.11953125
1 0.221875 0.459375 0.1171875 0.05390625
1 0.33359375 0.4265625 0.02265625 0.0125
1 0.30546875 0.4328125 0.03046875 0.01953125
1 0.29375 0.47890625 0.08125 0.090625
1 0.3296875 0.4484375 0.046875 0.0296875
3 0.53828125 0.47265625 0.0875 0.09375
3 0.38984375 0.48984375 0.14921875 0.1515625
3 0.70234375 0.45234375 0.04921875 0.075
3 0.25859375 0.428125 0.03671875 0.02265625
1 0.01484375 0.4625 0.02890625 0.04453125
3 0.0890625 0.45078125 0.07421875 0.06796875
3 0.0078125 0.42734375 0.01484375 0.025
1 0.39453125 0.51015625 0.5859375 0.23203125