0 0.346875 0.45390625 0.0546875 0.07734375
1 0.06015625 0.54609375 0.1171875 0.1296875
1 0.13828125 0.52578125 0.04765625 0.06796875
1 0.6609375 0.6359375 0.675 0.25078125
1 0.3015625 0.49609375 0.03203125 0.03671875
1 0.31328125 0.49140625 0.025 0.03671875
1 0.1703125 0.521875 0.03515625 0.0609375
1 0.196875 0.51953125 0.034375 0.059375
1 0.11640625 0.52734375 0.028125 0.07421875
1 0.209375 0.51015625 0.0453125 0.06171875
1 0.240625 0.5125 0.0234375 0.05078125
1 0.4125 0.48046875 0.02578125 0.0171875
1 0.25546875 0.51015625 0.021875 0.04609375
1 0.44765625 0.49453125 0.03984375 0.05078125