2 0.62890625 0.57890625 0.04296875 0.0859375
1 0.7078125 0.5453125 0.059375 0.0609375
1 0.6703125 0.53984375 0.04375 0.053125
1 0.946875 0.57265625 0.08984375 0.084375
1 0.36796875 0.540625 0.0578125 0.059375
1 0.43046875 0.52265625 0.02734375 0.0359375
3 0.39609375 0.51953125 0.04765625 0.05390625
1 0.8515625 0.615625 0.20859375 0.1703125
1 0.34296875 0.53515625 0.02265625 0.05234375
1 0.41640625 0.51796875 0.0046875 0.0234375
1 0.47265625 0.53046875 0.01328125 0.0359375
1 0.45859375 0.52890625 0.01640625 0.028125
1 0.51953125 0.53828125 0.078125 0.09453125