3 0.27734375 0.2578125 0.23515625 0.24296875
1 0.50390625 0.31796875 0.12421875 0.1578125
1 0.4265625 0.2140625 0.04296875 0.05234375
1 0.4859375 0.22109375 0.05625 0.03984375
1 0.50546875 0.19296875 0.04140625 0.059375
1 0.471875 0.1609375 0.021875 0.02109375
1 0.08125 0.36171875 0.16171875 0.296875
1 0.43671875 0.19921875 0.0390625 0.04453125
1 0.39921875 0.23828125 0.0234375 0.1125
1 0.4890625 0.23203125 0.05625 0.02109375
1 0.45546875 0.18046875 0.0328125 0.04296875
1 0.49765625 0.2046875 0.0328125 0.0328125
1 0.49765625 0.1640625 0.01796875 0.009375