1 0.9453125 0.9296875 0.08203125 0.0453125
1 0.77890625 0.91171875 0.03359375 0.03515625
1 0.871875 0.91953125 0.05703125 0.04453125
3 0.37890625 0.91640625 0.0140625 0.03984375
1 0.8328125 0.925 0.02421875 0.03359375
1 0.45 0.91875 0.04453125 0.02890625
1 0.50546875 0.9203125 0.03671875 0.0234375
1 0.52265625 0.91953125 0.02109375 0.02890625
1 0.92578125 0.91796875 0.0578125 0.03046875
1 0.90078125 0.91953125 0.065625 0.04453125
1 0.453125 0.92578125 0.02578125 0.01796875
1 0.975 0.9375 0.04609375 0.04375