1 0.653125 0.0328125 0.0421875 0.01875
1 0.60859375 0.0328125 0.03359375 0.015625
1 0.7578125 0.03203125 0.02578125 0.015625
1 0.8796875 0.03203125 0.0390625 0.01484375
1 0.71640625 0.03203125 0.03828125 0.0171875
1 0.50703125 0.03359375 0.03046875 0.01796875
1 0.81015625 0.03203125 0.03359375 0.0171875
1 0.47421875 0.03515625 0.034375 0.01640625
1 0.54453125 0.034375 0.03359375 0.01796875
1 0.5765625 0.03359375 0.0296875 0.01328125
1 0.34375 0.0359375 0.015625 0.0125
1 0.40625 0.0390625 0.0109375 0.00859375
1 0.63203125 0.0328125 0.01875 0.0125
1 0.83984375 0.02734375 0.2453125 0.02890625