0 0.48984375 0.69296875 0.11796875 0.296875
0 0.50625 0.4515625 0.14375 0.1484375
0 0.4078125 0.44609375 0.1140625 0.14453125
0 0.54609375 0.478125 0.071875 0.1078125
3 0.340625 0.7125 0.08046875 0.13125
1 0.65 0.86875 0.12734375 0.1625
1 0.90703125 0.88984375 0.096875 0.1546875
1 0.85390625 0.88125 0.05546875 0.1640625
1 0.23828125 0.9125 0.140625 0.165625
1 0.78359375 0.846875 0.084375 0.140625
1 0.85546875 0.86875 0.11875 0.15703125
1 0.21171875 0.928125 0.09296875 0.14296875
1 0.32734375 0.8546875 0.0546875 0.13515625
1 0.72265625 0.8109375 0.04453125 0.10390625
1 0.65625 0.75078125 0.06484375 0.0734375
1 0.9671875 0.90625 0.06484375 0.18671875
1 0.5765625 0.8875 0.771875 0.18125
1 0.10625 0.8484375 0.2125 0.29921875
1 0.4921875 0.74765625 0.509375 0.14609375