1 0.71484375 0.78125 0.14609375 0.0953125
1 0.29765625 0.78828125 0.06640625 0.065625
1 0.671875 0.73203125 0.1484375 0.07265625
1 0.596875 0.6828125 0.071875 0.065625
1 0.5828125 0.6171875 0.1234375 0.08359375
1 0.571875 0.575 0.1046875 0.053125
1 0.29296875 0.74296875 0.0640625 0.06015625
1 0.53515625 0.51875 0.09921875 0.07578125
1 0.48359375 0.4734375 0.0828125 0.04453125
1 0.2796875 0.71328125 0.05859375 0.03984375
1 0.2734375 0.6765625 0.059375 0.0765625
1 0.63671875 0.76953125 0.03359375 0.05546875
1 0.6203125 0.63515625 0.14609375 0.0765625
1 0.4625 0.59140625 0.471875 0.32734375