1 0.02109375 0.64921875 0.0421875 0.065625
1 0.1578125 0.6421875 0.05078125 0.04140625
1 0.51953125 0.63984375 0.07578125 0.0328125
1 0.12578125 0.6296875 0.0234375 0.01484375
1 0.5953125 0.64375 0.06875 0.0234375
1 0.103125 0.63203125 0.0359375 0.01484375
1 0.92265625 0.63515625 0.0890625 0.02890625
1 0.35 0.625 0.0125 0.01796875
1 0.44140625 0.646875 0.0796875 0.02734375
1 0.04609375 0.62734375 0.015625 0.01484375
1 0.19375 0.63203125 0.02421875 0.01484375
1 0.21015625 0.63671875 0.01484375 0.0234375
1 0.3390625 0.63359375 0.6375 0.07109375