1 0.525 0.8 0.115625 0.08828125
1 0.3671875 0.778125 0.08125 0.07109375
1 0.31875 0.77265625 0.053125 0.059375
1 0.08046875 0.76171875 0.09140625 0.040625
1 0.134375 0.74609375 0.02109375 0.02421875
1 0.18046875 0.75703125 0.02265625 0.02578125
1 0.2234375 0.76015625 0.0375 0.0375
1 0.196875 0.75859375 0.01171875 0.034375
1 0.165625 0.75703125 0.0203125 0.02265625
1 0.15234375 0.75234375 0.02109375 0.02421875
1 0.2078125 0.75703125 0.01484375 0.03515625
1 0.0421875 0.75546875 0.034375 0.03203125