1 0.4171875 0.7890625 0.053125 0.059375
1 0.31796875 0.7859375 0.07578125 0.08203125
1 0.36875 0.78515625 0.03515625 0.046875
0 0.55625 0.68984375 0.12734375 0.0875
3 0.55625 0.78828125 0.165625 0.18984375
3 0.12265625 0.79296875 0.17109375 0.14140625
1 0.7125 0.790625 0.06328125 0.04609375
1 0.76328125 0.78828125 0.053125 0.0359375
1 0.4453125 0.74453125 0.01796875 0.03125
1 0.82578125 0.7859375 0.04375 0.03515625
1 0.90703125 0.78515625 0.06328125 0.05625
1 0.4296875 0.74140625 0.015625 0.0171875