1 0.93046875 0.7625 0.13828125 0.4453125
1 0.853125 0.68046875 0.09765625 0.26328125
1 0.9265625 0.70078125 0.14296875 0.35
1 0.04140625 0.62421875 0.04296875 0.06171875
3 0.92734375 0.7609375 0.14453125 0.4515625
3 0.7015625 0.6671875 0.09296875 0.1390625
1 0.54453125 0.62890625 0.02734375 0.03359375
1 0.803125 0.67109375 0.0265625 0.10625
1 0.7453125 0.6546875 0.01328125 0.0515625
2 0.7796875 0.67265625 0.015625 0.04453125
1 0.61328125 0.696875 0.1453125 0.15625
2 0.4203125 0.740625 0.03828125 0.11796875
2 0.7640625 0.6703125 0.021875 0.04453125