1 0.74375 0.85703125 0.05703125 0.04921875
1 0.70703125 0.85390625 0.02265625 0.040625
1 0.6140625 0.8609375 0.04296875 0.053125
1 0.9625 0.88828125 0.07265625 0.11328125
1 0.775 0.8515625 0.02578125 0.03359375
1 0.52421875 0.86875 0.02890625 0.075
1 0.13671875 0.878125 0.01953125 0.0515625
1 0.66015625 0.84921875 0.0453125 0.05
3 0.66171875 0.84921875 0.04296875 0.05390625
3 0.94296875 0.8015625 0.11015625 0.125
3 0.03828125 0.909375 0.07578125 0.17578125
3 0.10625 0.8609375 0.08125 0.0515625
3 0.96015625 0.890625 0.0765625 0.11875
3 0.6125 0.86015625 0.0453125 0.05
1 0.0328125 0.909375 0.065625 0.17890625
1 0.0953125 0.85625 0.02734375 0.03984375