1 0.6390625 0.62265625 0.096875 0.09609375
1 0.91640625 0.63515625 0.0984375 0.09609375
1 0.809375 0.6140625 0.075 0.08515625
1 0.9796875 0.66328125 0.0375 0.11015625
1 0.853125 0.61640625 0.10546875 0.0875
1 0.73359375 0.59453125 0.0625 0.08046875
1 0.70625 0.59296875 0.034375 0.0765625
1 0.74296875 0.60625 0.03515625 0.07578125
1 0.49921875 0.5734375 0.0484375 0.0609375
1 0.47578125 0.5671875 0.01875 0.053125
1 0.95625 0.64609375 0.084375 0.1125
3 0.5953125 0.5546875 0.08515625 0.1046875
3 0.7984375 0.6 0.0953125 0.10234375
1 0.41640625 0.56015625 0.00859375 0.028125
1 0.5671875 0.56484375 0.253125 0.05