1 0.07265625 0.83828125 0.1453125 0.1828125
1 0.128125 0.73828125 0.09375 0.13984375
1 0.6125 0.76484375 0.0890625 0.128125
1 0.7046875 0.72578125 0.13203125 0.1546875
1 0.60390625 0.67265625 0.1078125 0.08984375
1 0.8796875 0.6703125 0.13671875 0.06328125
1 0.5 0.78125 0.20625 0.22109375
1 0.17109375 0.6984375 0.10546875 0.11484375
1 0.02421875 0.62734375 0.0484375 0.0546875
1 0.3703125 0.69140625 0.084375 0.10078125
1 0.4015625 0.62265625 0.0734375 0.06328125
1 0.61328125 0.91171875 0.38203125 0.17109375
1 0.30546875 0.7671875 0.175 0.21796875
1 0.49921875 0.78046875 0.9984375 0.43515625