1 0.725 0.46015625 0.0625 0.0890625
1 0.828125 0.4484375 0.0453125 0.0484375
1 0.2046875 0.5015625 0.1484375 0.12265625
1 0.921875 0.45625 0.1 0.065625
1 0.27734375 0.484375 0.075 0.10859375
1 0.04453125 0.52890625 0.0890625 0.1546875
1 0.1703125 0.459375 0.11171875 0.084375
1 0.03046875 0.5546875 0.06015625 0.16328125
3 0.05546875 0.40546875 0.109375 0.1328125
3 0.53828125 0.409375 0.07890625 0.08359375
3 0.8359375 0.415625 0.053125 0.0640625
2 0.171875 0.77109375 0.11015625 0.31640625
2 0.09453125 0.58671875 0.0703125 0.184375
2 0.5046875 0.65078125 0.08828125 0.20703125
2 0.6015625 0.53828125 0.05546875 0.12578125
2 0.690625 0.51484375 0.040625 0.096875
2 0.40625 0.55390625 0.05078125 0.15078125
2 0.76640625 0.46328125 0.025 0.05625
2 0.46640625 0.48359375 0.0328125 0.07890625
2 0.33125 0.52734375 0.053125 0.1328125
2 0.65546875 0.50390625 0.03828125 0.08515625
2 0.5546875 0.48671875 0.034375 0.075
2 0.63125 0.4734375 0.0265625 0.0671875
2 0.57734375 0.5 0.02421875 0.06953125
2 0.709375 0.5015625 0.0125 0.0765625
2 0.79375 0.45390625 0.01875 0.03984375