1 0.49765625 0.28359375 0.2171875 0.315625
1 0.2578125 0.196875 0.1625 0.2015625
1 0.353125 0.1171875 0.159375 0.1890625
1 0.56640625 0.071875 0.0484375 0.09921875
1 0.8328125 0.09609375 0.0515625 0.08828125
3 0.1015625 0.22265625 0.203125 0.36640625
1 0.7015625 0.10546875 0.034375 0.1421875
1 0.5734375 0.17265625 0.06015625 0.109375
1 0.840625 0.68046875 0.315625 0.31640625
1 0.48828125 0.065625 0.11640625 0.13046875
1 0.88203125 0.8515625 0.2328125 0.29140625
1 0.2515625 0.0578125 0.0890625 0.0859375
1 0.1625 0.06328125 0.03046875 0.05234375
3 0.49609375 0.06640625 0.1234375 0.13046875