2 0.43515625 0.6359375 0.18984375 0.440625
2 0.2015625 0.62734375 0.1703125 0.35390625
2 0.08359375 0.58125 0.1640625 0.4171875
2 0.93984375 0.675 0.115625 0.51875
2 0.78046875 0.64296875 0.1640625 0.490625
2 0.31328125 0.5984375 0.20234375 0.4546875
2 0.5484375 0.56171875 0.1109375 0.2984375
2 0.8921875 0.521875 0.1234375 0.23125
2 0.83203125 0.50859375 0.0578125 0.27265625
2 0.4109375 0.47421875 0.08359375 0.15234375
2 0.2203125 0.40625 0.121875 0.12890625
2 0.2953125 0.48515625 0.07578125 0.14921875