1 0.82109375 0.5625 0.03359375 0.02890625
1 0.8671875 0.628125 0.07578125 0.11875
1 0.82578125 0.6140625 0.03203125 0.06796875
1 0.85234375 0.5609375 0.02265625 0.025
3 0.8671875 0.62578125 0.08359375 0.1078125
1 0.92109375 0.6578125 0.1265625 0.13515625
1 0.9765625 0.5859375 0.040625 0.04140625
1 0.80703125 0.571875 0.03515625 0.02421875
1 0.68671875 0.58046875 0.02109375 0.03671875
1 0.990625 0.58984375 0.015625 0.0453125
1 0.94921875 0.5765625 0.03515625 0.04609375
1 0.8703125 0.56484375 0.01328125 0.01484375
1 0.88671875 0.56015625 0.02265625 0.0203125
1 0.90703125 0.57421875 0.01796875 0.0234375