3 0.3 0.66484375 0.0734375 0.20859375
3 0.3484375 0.4890625 0.0625 0.1265625
3 0.55390625 0.23359375 0.065625 0.121875
3 0.325 0.5890625 0.0546875 0.159375
3 0.36953125 0.45234375 0.04921875 0.15234375
3 0.4359375 0.2828125 0.0703125 0.1171875
1 0.3515625 0.75078125 0.034375 0.053125
1 0.35546875 0.72421875 0.0375 0.04140625
1 0.3625 0.69140625 0.03515625 0.0515625
1 0.45390625 0.409375 0.028125 0.040625
1 0.50625 0.4625 0.0234375 0.03515625
1 0.5140625 0.44296875 0.0328125 0.0328125
3 0.48203125 0.26171875 0.07421875 0.12421875
1 0.465625 0.07734375 0.021875 0.0328125
1 0.4609375 0.04921875 0.021875 0.02578125
2 0.4375 0.0328125 0.00703125 0.01875
3 0.4078125 0.3234375 0.05390625 0.13046875
1 0.4734375 0.1390625 0.0578125 0.04140625
1 0.43515625 0.1265625 0.04296875 0.02890625
1 0.53125 0.3765625 0.03125 0.01640625
1 0.5140625 0.42265625 0.02890625 0.02421875