1 0.74453125 0.65234375 0.15859375 0.23046875
1 0.625 0.62265625 0.08671875 0.1015625
1 0.4421875 0.58828125 0.0296875 0.034375
1 0.928125 0.62109375 0.0921875 0.134375
1 0.39453125 0.58828125 0.02734375 0.03984375
2 0.31328125 0.83671875 0.17109375 0.27265625
2 0.3484375 0.6578125 0.046875 0.10078125
2 0.25703125 0.6640625 0.05 0.09140625
2 0.41640625 0.69140625 0.06015625 0.1375
1 0.2671875 0.596875 0.0703125 0.08359375
2 0.38359375 0.63203125 0.028125 0.07734375
2 0.290625 0.6078125 0.0140625 0.021875