1 0.4015625 0.59921875 0.075 0.0578125
1 0.29765625 0.59296875 0.09609375 0.06328125
1 0.2359375 0.578125 0.06328125 0.05390625
1 0.390625 0.54375 0.06015625 0.053125
1 0.078125 0.584375 0.12109375 0.1203125
1 0.44921875 0.55390625 0.06328125 0.046875
1 0.45546875 0.53359375 0.0515625 0.03515625
1 0.34375 0.653125 0.090625 0.04140625
3 0.4046875 0.82890625 0.4078125 0.31484375
3 0.478125 0.509375 0.05 0.0375
1 0.51953125 0.53125 0.04140625 0.05390625
1 0.0078125 0.68984375 0.015625 0.0703125
1 0.30625 0.77578125 0.609375 0.44375