3 0.4265625 0.24296875 0.1859375 0.125
1 0.059375 0.22109375 0.07421875 0.07734375
2 0.8984375 0.30390625 0.15859375 0.21875
2 0.7765625 0.3015625 0.10234375 0.1578125
2 0.06640625 0.37734375 0.13046875 0.26328125
2 0.95078125 0.31484375 0.0953125 0.26640625
2 0.3171875 0.28125 0.075 0.09609375
2 0.28203125 0.2640625 0.028125 0.03203125
2 0.178125 0.25859375 0.075 0.06171875
2 0.13984375 0.25703125 0.0328125 0.05546875
2 0.07265625 0.23046875 0.09765625 0.078125
2 0.83515625 0.271875 0.08125 0.11953125
2 0.47734375 0.490625 0.8375 0.95546875