1 0.1203125 0.60234375 0.23984375 0.14765625
1 0.5046875 0.540625 0.05703125 0.0359375
1 0.88828125 0.60078125 0.2203125 0.11484375
1 0.4515625 0.58203125 0.10234375 0.078125
1 0.50078125 0.5703125 0.0703125 0.0640625
1 0.5453125 0.55234375 0.03671875 0.0421875
1 0.5640625 0.5484375 0.03359375 0.0390625
1 0.215625 0.5796875 0.13984375 0.1046875
1 0.6078125 0.51796875 0.01796875 0.01484375
1 0.378125 0.5453125 0.05 0.03125
1 0.4546875 0.5359375 0.0234375 0.015625
3 0.57890625 0.534375 0.04453125 0.05234375
3 0.3109375 0.57734375 0.19921875 0.12109375
1 0.65 0.5921875 0.28671875 0.13359375