0 0.6078125 0.24765625 0.10078125 0.23203125
0 0.46953125 0.11796875 0.03671875 0.075
0 0.35078125 0.24765625 0.1015625 0.1828125
3 0.32890625 0.64765625 0.14765625 0.31171875
1 0.52578125 0.6140625 0.1015625 0.18828125
1 0.3890625 0.4484375 0.08515625 0.1078125
1 0.41796875 0.3828125 0.0640625 0.0984375
1 0.43203125 0.328125 0.05546875 0.075
1 0.53359375 0.4765625 0.08359375 0.128125
1 0.42109375 0.16953125 0.0234375 0.03515625
1 0.1484375 0.615625 0.15546875 0.20703125
2 0.63671875 0.74375 0.03125 0.1078125
2 0.52109375 0.85234375 0.05625 0.1453125
2 0.79140625 0.865625 0.0640625 0.19375
0 0.5703125 0.17421875 0.0671875 0.18671875
0 0.6078125 0.11796875 0.05234375 0.06875
3 0.4625 0.1515625 0.028125 0.0375
1 0.51796875 0.36953125 0.05703125 0.08359375
1 0.44140625 0.2734375 0.046875 0.0671875
1 0.5265625 0.2484375 0.04140625 0.065625
1 0.62734375 0.4609375 0.06953125 0.12109375
2 0.10625 0.77734375 0.0703125 0.125
2 0.8703125 0.8640625 0.06796875 0.1359375
2 0.4359375 0.75390625 0.04921875 0.11171875
2 0.1921875 0.78359375 0.05859375 0.1375
2 0.04765625 0.76328125 0.06953125 0.13828125
2 0.10546875 0.41640625 0.0296875 0.04296875
2 0.96171875 0.8859375 0.0734375 0.15703125
2 0.6953125 0.74296875 0.046875 0.1171875
2 0.8703125 0.66171875 0.034375 0.09609375
1 0.24375 0.4796875 0.10390625 0.13046875
2 0.81015625 0.65625 0.0265625 0.04140625
0 0.5078125 0.16484375 0.0484375 0.09375
3 0.28203125 0.3609375 0.09921875 0.15
3 0.4484375 0.21015625 0.040625 0.08125
3 0.73515625 0.43671875 0.12421875 0.21328125
2 0.5 0.47734375 0.996875 0.77265625
1 0.4734375 0.359375 0.9375 0.52578125