1 0.17265625 0.7296875 0.2578125 0.1203125
1 0.60703125 0.68046875 0.04765625 0.05234375
1 0.578125 0.6765625 0.03359375 0.04921875
1 0.096875 0.68046875 0.05625 0.03046875
3 0.4234375 0.6765625 0.07109375 0.08671875
3 0.26640625 0.6828125 0.06875 0.06640625
3 0.4859375 0.67734375 0.03984375 0.05546875
1 0.33203125 0.67109375 0.03828125 0.01328125
1 0.3765625 0.69921875 0.078125 0.0859375
1 0.14296875 0.67109375 0.02578125 0.01875
1 0.66484375 0.66171875 0.01640625 0.0140625
1 0.4609375 0.678125 0.01171875 0.0296875
3 0.5765625 0.67578125 0.03046875 0.04453125
1 0.8953125 0.6453125 0.01953125 0.0234375