2 0.50859375 0.73046875 0.27109375 0.115625
2 0.20546875 0.55546875 0.1328125 0.09375
2 0.125 0.5046875 0.0875 0.05859375
2 0.55546875 0.5625 0.1625 0.13671875
2 0.46640625 0.71328125 0.2328125 0.1515625
2 0.78515625 0.6828125 0.1875 0.16171875
2 0.9375 0.778125 0.121875 0.178125
2 0.90078125 0.7203125 0.1953125 0.209375
2 0.73984375 0.6625 0.178125 0.15234375
2 0.63515625 0.62578125 0.1546875 0.1234375
2 0.38515625 0.67109375 0.1703125 0.1234375
2 0.4265625 0.68359375 0.225 0.16875
2 0.33671875 0.634375 0.159375 0.13671875
2 0.5 0.54921875 0.996875 0.3609375