1 0.07578125 0.7828125 0.034375 0.0265625
1 0.12265625 0.77109375 0.0328125 0.025
1 0.115625 0.79609375 0.03984375 0.015625
1 0.18046875 0.7359375 0.02890625 0.02578125
1 0.09765625 0.765625 0.02109375 0.015625
1 0.3421875 0.7 0.021875 0.02265625
3 0.2234375 0.69375 0.02421875 0.0296875
1 0.05234375 0.81875 0.0421875 0.034375
1 0.1171875 0.8171875 0.04453125 0.03515625
1 0.17890625 0.796875 0.04296875 0.0296875
1 0.3609375 0.67265625 0.0203125 0.02109375
1 0.14375 0.8359375 0.0421875 0.03046875
1 0.04140625 0.75390625 0.028125 0.03203125
3 0.053125 0.81875 0.04296875 0.03125
1 0.12109375 0.75625 0.01953125 0.01328125
1 0.22421875 0.7015625 0.3796875 0.10078125