1 0.3375 0.30703125 0.09921875 0.1921875
2 0.790625 0.3609375 0.0859375 0.23125
2 0.49765625 0.33515625 0.309375 0.65625
2 0.1578125 0.4953125 0.31328125 0.97734375
2 0.66640625 0.34921875 0.0953125 0.3796875
2 0.83984375 0.35703125 0.02890625 0.15703125
1 0.27265625 0.31953125 0.028125 0.04765625
2 0.86953125 0.3640625 0.05703125 0.12890625
2 0.90078125 0.37734375 0.03359375 0.090625
2 0.7296875 0.35078125 0.1140625 0.290625
2 0.95546875 0.36328125 0.04140625 0.10625
2 0.91875 0.36875 0.03828125 0.10234375