0 0.5671875 0.64921875 0.8625 0.6796875
0 0.12734375 0.54296875 0.25234375 0.33046875
0 0.6125 0.33671875 0.4890625 0.14609375
0 0.478125 0.3453125 0.40078125 0.1640625
0 0.921875 0.30625 0.153125 0.1375
0 0.3828125 0.35625 0.31796875 0.1546875
0 0.36953125 0.3171875 0.36953125 0.1234375
0 0.08046875 0.76875 0.15859375 0.440625
0 0.21953125 0.340625 0.14453125 0.10703125
0 0.16796875 0.32890625 0.0921875 0.065625
0 0.06640625 0.37265625 0.1328125 0.0890625
0 0.90078125 0.21171875 0.1953125 0.04453125
0 0.67265625 0.2203125 0.1546875 0.03828125