2 0.353125 0.4640625 0.10703125 0.16484375
2 0.8703125 0.43046875 0.0421875 0.10078125
2 0.83046875 0.4328125 0.05859375 0.1046875
2 0.790625 0.4328125 0.0375 0.1125
2 0.75078125 0.43515625 0.05546875 0.1125
2 0.4109375 0.459375 0.06484375 0.15234375
2 0.62265625 0.4734375 0.0296875 0.04921875
2 0.58203125 0.453125 0.05 0.10546875
2 0.5375 0.44375 0.0421875 0.125
2 0.07734375 0.49296875 0.1546875 0.2171875
2 0.4375 0.45859375 0.0546875 0.14609375
2 0.28203125 0.47265625 0.040625 0.17421875
2 0.4609375 0.4578125 0.05 0.12578125
2 0.790625 0.425 0.265625 0.11953125