1 0.2390625 0.78359375 0.05703125 0.06953125
1 0.22734375 0.77890625 0.04453125 0.07109375
0 0.46875 0.7265625 0.03671875 0.07734375
3 0.79296875 0.76171875 0.0390625 0.09921875
3 0.75625 0.7828125 0.0328125 0.05234375
3 0.62421875 0.75390625 0.0296875 0.04453125
3 0.59609375 0.74609375 0.01953125 0.0375
3 0.5390625 0.73046875 0.0140625 0.05390625
1 0.3671875 0.7453125 0.01953125 0.0296875
1 0.57109375 0.75234375 0.021875 0.034375
1 0.55390625 0.74609375 0.02265625 0.03203125
1 0.6046875 0.7546875 0.0203125 0.0296875
1 0.7359375 0.77421875 0.03203125 0.0484375
1 0.64609375 0.76015625 0.01953125 0.034375
1 0.65703125 0.76015625 0.01484375 0.0375
1 0.515625 0.74765625 0.01328125 0.025
1 0.621875 0.7546875 0.03359375 0.0421875
1 0.6984375 0.76171875 0.021875 0.0390625
3 0.86328125 0.75078125 0.109375 0.1359375
1 0.75234375 0.7796875 0.02265625 0.053125
1 0.5640625 0.7515625 0.675 0.1515625