1 0.10703125 0.703125 0.09765625 0.10078125
1 0.671875 0.7234375 0.10078125 0.11328125
1 0.9078125 0.9078125 0.1828125 0.16171875
1 0.62421875 0.71640625 0.0390625 0.0953125
1 0.91796875 0.70078125 0.10625 0.10859375
3 0.44296875 0.63515625 0.221875 0.2140625
1 0.6015625 0.69609375 0.04921875 0.065625
1 0.98828125 0.7125 0.0203125 0.07734375
1 0.22421875 0.70078125 0.05546875 0.065625
1 0.16640625 0.69453125 0.06328125 0.10390625
1 0.81484375 0.70234375 0.1 0.1046875
1 0.74765625 0.70625 0.05703125 0.07734375