1 0.80390625 0.33671875 0.07109375 0.05234375
1 0.70703125 0.33046875 0.065625 0.046875
1 0.62265625 0.31796875 0.07109375 0.04765625
1 0.30390625 0.29140625 0.01953125 0.025
1 0.3453125 0.29453125 0.03203125 0.025
1 0.4125 0.30234375 0.04609375 0.0296875
1 0.46796875 0.30859375 0.0546875 0.03359375
1 0.58359375 0.31875 0.05390625 0.03828125
1 0.66171875 0.32578125 0.0671875 0.04453125
1 0.74921875 0.3328125 0.06796875 0.046875
1 0.55234375 0.3171875 0.05859375 0.03828125
1 0.375 0.2984375 0.0484375 0.02734375
1 0.93828125 0.3421875 0.075 0.05234375
1 0.5 0.30859375 0.996875 0.11640625