1 0.74140625 0.559375 0.05390625 0.05546875
1 0.875 0.5171875 0.02265625 0.02734375
1 0.90703125 0.5875 0.03828125 0.0546875
1 0.52265625 0.51796875 0.06875 0.046875
1 0.8390625 0.53515625 0.03046875 0.03359375
1 0.89296875 0.509375 0.02421875 0.02578125
1 0.93359375 0.5484375 0.03515625 0.034375
1 0.809375 0.53984375 0.028125 0.03671875
1 0.5984375 0.51328125 0.03984375 0.03359375
1 0.59375 0.4796875 0.02578125 0.0203125
1 0.45859375 0.465625 0.02578125 0.0203125
1 0.78046875 0.55078125 0.034375 0.05078125