1 0.67890625 0.484375 0.14375 0.05859375
1 0.41484375 0.52734375 0.2265625 0.12265625
2 0.96640625 0.6625 0.05078125 0.14609375
2 0.8171875 0.6265625 0.10234375 0.18203125
2 0.73046875 0.62578125 0.0796875 0.13359375
2 0.65546875 0.61953125 0.0921875 0.12109375
2 0.60078125 0.61484375 0.08125 0.11171875
2 0.484375 0.58984375 0.0859375 0.13203125
2 0.446875 0.57890625 0.0609375 0.0984375
2 0.11640625 0.5609375 0.09296875 0.0828125
2 0.9125 0.6546875 0.06015625 0.15234375
1 0.0328125 0.45390625 0.06484375 0.053125
2 0.5546875 0.47265625 0.02734375 0.065625
2 0.8109375 0.4796875 0.03359375 0.034375
2 0.821875 0.503125 0.02109375 0.02578125