1 0.9109375 0.8078125 0.175 0.1875
1 0.753125 0.80234375 0.1640625 0.12265625
1 0.51953125 0.75 0.046875 0.05703125
1 0.34765625 0.7265625 0.0453125 0.04140625
1 0.40859375 0.7140625 0.0265625 0.02578125
1 0.390625 0.7109375 0.01953125 0.02109375
1 0.56328125 0.75703125 0.05 0.075
3 0.66171875 0.74765625 0.15625 0.16328125
1 0.4765625 0.73984375 0.046875 0.046875
1 0.353125 0.69765625 0.015625 0.01484375
1 0.31875 0.721875 0.025 0.03125
1 0.38203125 0.70625 0.02265625 0.02734375
1 0.340625 0.6984375 0.0203125 0.01328125
1 0.27421875 0.68828125 0.01953125 0.0171875