1 0.603125 0.7265625 0.03515625 0.03359375
1 0.2703125 0.728125 0.0203125 0.0171875
3 0.66953125 0.7015625 0.05078125 0.0921875
3 0.7296875 0.653125 0.06953125 0.1734375
1 0.28828125 0.725 0.015625 0.0140625
3 0.6359375 0.7078125 0.02109375 0.04375
3 0.6140625 0.71484375 0.02109375 0.0328125
3 0.39296875 0.71640625 0.02734375 0.03125
3 0.184375 0.71015625 0.07109375 0.05625
3 0.71328125 0.73125 0.13359375 0.41015625
3 0.44375 0.7171875 0.0296875 0.02734375
1 0.478125 0.721875 0.00703125 0.00703125