1 0.98828125 0.12734375 0.02265625 0.04765625
1 0.9546875 0.12578125 0.05703125 0.0390625
1 0.93828125 0.11953125 0.06640625 0.0390625
1 0.034375 0.2265625 0.0640625 0.15703125
1 0.89453125 0.1140625 0.06015625 0.04140625
2 0.40703125 0.45859375 0.53046875 0.53515625
3 0.49375 0.20625 0.6625 0.27421875
1 0.0390625 0.11640625 0.05078125 0.0171875
1 0.0875 0.13984375 0.14609375 0.05078125
1 0.971875 0.12890625 0.0234375 0.03046875
2 0.42109375 0.34375 0.23671875 0.1859375
0 0.78359375 0.1140625 0.1734375 0.0859375
1 0.68359375 0.1 0.02578125 0.015625