0 0.3921875 0.496875 0.02890625 0.03125
1 0.17734375 0.553125 0.0609375 0.07890625
1 0.32109375 0.5171875 0.021875 0.025
1 0.37578125 0.521875 0.0359375 0.03203125
1 0.07421875 0.578125 0.12734375 0.0875
1 0.3453125 0.50078125 0.03984375 0.015625
1 0.4234375 0.52578125 0.0234375 0.02734375
1 0.34921875 0.5140625 0.025 0.03203125
1 0.515625 0.53984375 0.02890625 0.0359375
1 0.45625 0.50234375 0.025 0.0125
1 0.51640625 0.50546875 0.0234375 0.0328125
1 0.11796875 0.53984375 0.0671875 0.059375
1 0.22890625 0.54609375 0.04453125 0.05625
1 0.3015625 0.5390625 0.04375 0.04140625
1 0.36015625 0.52265625 0.715625 0.11171875