2 0.66484375 0.478125 0.5328125 0.40859375
1 0.91484375 0.29375 0.1671875 0.15
1 0.76640625 0.26640625 0.10078125 0.0890625
1 0.69140625 0.2484375 0.09140625 0.078125
1 0.15390625 0.315625 0.23125 0.23046875
1 0.87421875 0.21171875 0.12578125 0.04453125
1 0.253125 0.27421875 0.1015625 0.14609375
1 0.315625 0.21875 0.04453125 0.05
1 0.58515625 0.23046875 0.03515625 0.04375
1 0.62734375 0.23046875 0.07109375 0.07578125
1 0.83203125 0.28671875 0.10078125 0.1203125
1 0.36640625 0.1984375 0.06484375 0.03515625
1 0.46875 0.20078125 0.03984375 0.03515625
1 0.33203125 0.2109375 0.0375 0.04453125
1 0.46875 0.22265625 0.559375 0.1125