0 0.13203125 0.71328125 0.0796875 0.08984375
1 0.10234375 0.8328125 0.0953125 0.08828125
1 0.28359375 0.80078125 0.08203125 0.09609375
3 0.79375 0.90625 0.409375 0.15859375
3 0.0375 0.71328125 0.03359375 0.04375
1 0.1828125 0.81015625 0.0734375 0.06953125
1 0.225 0.7578125 0.05703125 0.0328125
1 0.078125 0.70703125 0.0296875 0.03671875
1 0.23359375 0.78203125 0.046875 0.05625
1 0.03828125 0.7625 0.0390625 0.059375
1 0.20546875 0.7484375 0.0625 0.05
1 0.05703125 0.728125 0.01953125 0.04375
0 0.08359375 0.678125 0.0328125 0.0234375
3 0.16171875 0.9625 0.2953125 0.07109375