1 0.078125 0.39921875 0.128125 0.11796875
3 0.0625 0.1890625 0.125 0.1640625
2 0.4578125 0.521875 0.02578125 0.06953125
2 0.18125 0.5515625 0.075 0.06015625
2 0.25625 0.56953125 0.0546875 0.05234375
2 0.9359375 0.45703125 0.06484375 0.07578125
2 0.7765625 0.428125 0.06484375 0.0703125
2 0.3828125 0.42265625 0.05234375 0.0546875
2 0.2171875 0.5203125 0.04375 0.06328125
2 0.57265625 0.40234375 0.0578125 0.06015625
2 0.109375 0.48203125 0.07890625 0.06484375
2 0.65234375 0.4109375 0.075 0.0625
2 0.8671875 0.74609375 0.02890625 0.0515625
1 0.72109375 0.76484375 0.25703125 0.246875
2 0.38984375 0.55546875 0.0421875 0.0671875
0 0.57421875 0.66953125 0.2015625 0.19140625
3 0.32265625 0.1484375 0.17421875 0.11171875
2 0.871875 0.33359375 0.15 0.07890625