1 0.21640625 0.45234375 0.078125 0.0453125
2 0.43515625 0.771875 0.425 0.43359375
2 0.8828125 0.5109375 0.1015625 0.159375
2 0.79375 0.47734375 0.11171875 0.15703125
2 0.70625 0.47578125 0.11171875 0.09609375
2 0.62890625 0.459375 0.07109375 0.05078125
2 0.31015625 0.64453125 0.38984375 0.38359375
2 0.046875 0.49609375 0.06171875 0.11640625
2 0.1171875 0.534375 0.10078125 0.2125
2 0.56015625 0.4609375 0.03828125 0.07109375
2 0.2921875 0.54296875 0.2078125 0.16484375
2 0.1671875 0.5453125 0.16328125 0.24296875
2 0.02421875 0.484375 0.04453125 0.07265625
1 0.1921875 0.43125 0.05625 0.0234375
1 0.0296875 0.43984375 0.059375 0.0390625
2 0.50390625 0.48203125 0.06953125 0.1