1 0.17421875 0.665625 0.34765625 0.28359375
1 0.46953125 0.59296875 0.17421875 0.14296875
1 0.29921875 0.40703125 0.1265625 0.08125
1 0.85078125 0.3109375 0.0484375 0.05234375
1 0.87109375 0.3390625 0.04765625 0.0625
1 0.86015625 0.39609375 0.06328125 0.04921875
1 0.7125 0.24375 0.04296875 0.03203125
0 0.715625 0.48828125 0.53359375 0.24140625
0 0.7125 0.3578125 0.20859375 0.1171875
0 0.63671875 0.21328125 0.09140625 0.053125
0 0.51015625 0.3390625 0.26328125 0.22109375
1 0.86875 0.3625 0.0421875 0.03671875
3 0.17578125 0.66640625 0.3515625 0.28125
3 0.76953125 0.27578125 0.046875 0.05078125
1 0.79453125 0.29296875 0.0328125 0.02734375
1 0.7984375 0.27421875 0.03203125 0.0390625