1 0.265625 0.6984375 0.26875 0.2171875
1 0.96953125 0.803125 0.0578125 0.303125
1 0.9265625 0.646875 0.040625 0.09609375
1 0.96328125 0.6578125 0.0703125 0.1515625
1 0.92265625 0.634375 0.040625 0.0875
1 0.40234375 0.66875 0.04453125 0.0859375
3 0.48125 0.3703125 0.35078125 0.73828125
1 0.90390625 0.61640625 0.0296875 0.06640625
3 0.63671875 0.32734375 0.3640625 0.6546875
3 0.67578125 0.59765625 0.059375 0.103125
3 0.1796875 0.63359375 0.07421875 0.07890625
3 0.08203125 0.6890625 0.15625 0.4375
1 0.95 0.72890625 0.0203125 0.0875