1 0.409375 0.3875 0.0703125 0.03359375
1 0.4625 0.38671875 0.015625 0.028125
1 0.0734375 0.3875 0.07734375 0.03359375
0 0.165625 0.37890625 0.1421875 0.05234375
0 0.403125 0.37578125 0.125 0.04921875
3 0.0734375 0.3890625 0.07890625 0.0375
1 0.434375 0.3828125 0.046875 0.0359375
3 0.57421875 0.37890625 0.06640625 0.04921875
3 0.43515625 0.3828125 0.04921875 0.0359375
1 0.77421875 0.3796875 0.01171875 0.03203125
1 0.5328125 0.36953125 0.03203125 0.02265625
3 0.49140625 0.38046875 0.0671875 0.0375
1 0.48671875 0.38046875 0.06484375 0.0390625