0 0.21171875 0.5796875 0.07578125 0.0515625
0 0.7109375 0.5671875 0.0515625 0.06171875
0 0.734375 0.56328125 0.0515625 0.0609375
0 0.96640625 0.56953125 0.0640625 0.0640625
0 0.8421875 0.55234375 0.16328125 0.2484375
0 0.38828125 0.565625 0.121875 0.14453125
0 0.28984375 0.56640625 0.0921875 0.128125
0 0.646875 0.5875 0.09375 0.12734375
0 0.5140625 0.58984375 0.13671875 0.109375
0 0.01875 0.5546875 0.034375 0.1859375
0 0.14140625 0.56796875 0.075 0.08125
0 0.60390625 0.56484375 0.0453125 0.07890625