3 0.71484375 0.68046875 0.5671875 0.59765625
1 0.83359375 0.34765625 0.06875 0.03359375
1 0.46875 0.47421875 0.19375 0.21171875
1 0.76484375 0.40234375 0.1671875 0.1015625
1 0.8078125 0.3609375 0.10234375 0.05859375
1 0.92421875 0.41640625 0.1484375 0.19140625
1 0.5359375 0.35234375 0.14921875 0.0671875
1 0.39375 0.4265625 0.1296875 0.13203125
1 0.75625 0.35859375 0.2921875 0.05078125
1 0.73125 0.33828125 0.07265625 0.0359375
1 0.40859375 0.35625 0.0484375 0.01640625
1 0.45078125 0.36328125 0.04140625 0.03125
1 0.9140625 0.33984375 0.0296875 0.02265625
1 0.334375 0.39375 0.05546875 0.0484375
3 0.83125 0.34453125 0.06953125 0.0328125