1 0.909375 0.07265625 0.146875 0.1140625
1 0.75546875 0.08203125 0.1921875 0.10234375
2 0.515625 0.53359375 0.0609375 0.13984375
3 0.59375 0.10546875 0.18359375 0.15546875
2 0.37265625 0.51796875 0.03359375 0.1359375
2 0.815625 0.5625 0.0484375 0.13359375
2 0.60625 0.53828125 0.05546875 0.12890625
2 0.6734375 0.54921875 0.04765625 0.12578125
2 0.4375 0.521875 0.0703125 0.1390625
2 0.27890625 0.5078125 0.05 0.1359375
2 0.14609375 0.49453125 0.0609375 0.13671875
1 0.52109375 0.0671875 0.02734375 0.02421875