1 0.19921875 0.93359375 0.1203125 0.12734375
1 0.06171875 0.9484375 0.1234375 0.09921875
0 0.2703125 0.67890625 0.53125 0.25625
0 0.8859375 0.60234375 0.225 0.115625
0 0.28125 0.4828125 0.20234375 0.05078125
0 0.31015625 0.53828125 0.203125 0.0859375
0 0.72421875 0.50625 0.2265625 0.05703125
0 0.8859375 0.6265625 0.159375 0.07890625
1 0.5046875 0.9265625 0.153125 0.14140625
1 0.92734375 0.49921875 0.0671875 0.03515625
1 0.87265625 0.49296875 0.03671875 0.0328125
0 0.59453125 0.509375 0.1859375 0.06875
0 0.0140625 0.49296875 0.028125 0.09140625
3 0.50625 0.9265625 0.146875 0.14140625