1 0.64296875 0.2921875 0.22109375 0.4046875
1 0.77265625 0.15703125 0.1234375 0.140625
1 0.1484375 0.49453125 0.296875 0.9890625
1 0.88046875 0.08046875 0.0125 0.0359375
1 0.86796875 0.06796875 0.01484375 0.0171875
1 0.84296875 0.0765625 0.01484375 0.01875
1 0.83125 0.07734375 0.02734375 0.01953125
1 0.82109375 0.0828125 0.015625 0.01953125
1 0.784375 0.08203125 0.025 0.01953125
1 0.5890625 0.08671875 0.06796875 0.0390625
1 0.85078125 0.071875 0.01484375 0.02109375
1 0.86171875 0.07109375 0.0109375 0.01640625