1 0.08984375 0.8375 0.10625 0.0859375
1 0.97265625 0.8171875 0.0515625 0.09140625
0 0.30390625 0.778125 0.340625 0.2890625
0 0.70859375 0.828125 0.25703125 0.32109375
1 0.8859375 0.7671875 0.05078125 0.03359375
1 0.84765625 0.76328125 0.03984375 0.03046875
1 0.90859375 0.7421875 0.01484375 0.0234375
1 0.8828125 0.7453125 0.0453125 0.028125
1 0.959375 0.7328125 0.0171875 0.01875
1 0.94140625 0.725 0.02109375 0.0265625
1 0.49140625 0.81484375 0.040625 0.059375
3 0.703125 0.83046875 0.25078125 0.325
3 0.5625 0.79765625 0.07265625 0.0796875