2 0.39609375 0.56171875 0.00859375 0.0140625
0 0.61015625 0.68671875 0.05703125 0.07421875
0 0.203125 0.4015625 0.05859375 0.06484375
2 0.365625 0.58046875 0.00546875 0.0125
0 0.31171875 0.196875 0.034375 0.0359375
1 0.69453125 0.91171875 0.0265625 0.04296875
1 0.83515625 0.62109375 0.046875 0.02734375
0 0.625 0.6328125 0.05390625 0.07734375
1 0.7078125 0.8109375 0.028125 0.03515625
1 0.6859375 0.753125 0.0265625 0.03203125
1 0.6703125 0.7125 0.0265625 0.0375
1 0.68671875 0.684375 0.021875 0.03203125
1 0.65546875 0.85 0.0234375 0.03046875
1 0.65546875 0.88828125 0.03046875 0.034375
1 0.503125 0.5 0.0234375 0.025
1 0.5171875 0.51484375 0.02578125 0.03203125
1 0.5453125 0.4984375 0.0234375 0.03203125
1 0.5625 0.51640625 0.02265625 0.028125
2 0.6765625 0.79296875 0.01015625 0.02109375
2 0.7890625 0.91640625 0.0125 0.02109375
2 0.6828125 0.82734375 0.0109375 0.02109375
2 0.87734375 0.70390625 0.0109375 0.021875
2 0.64921875 0.72734375 0.015625 0.02421875
2 0.703125 0.67578125 0.009375 0.01640625
2 0.1453125 0.190625 0.00703125 0.0125
2 0.28359375 0.19453125 0.003125 0.00703125
2 0.35 0.11796875 0.00625 0.0140625
0 0.5453125 0.58203125 0.03984375 0.06875
3 0.45 0.65234375 0.02734375 0.03046875
1 0.69921875 0.784375 0.02890625 0.03515625
1 0.54765625 0.50078125 0.8890625 0.99375