1 0.62890625 0.9734375 0.03359375 0.0140625
1 0.4546875 0.9828125 0.028125 0.01015625
1 0.98203125 0.95390625 0.03203125 0.0171875
1 0.55703125 0.978125 0.02734375 0.01015625
1 0.7859375 0.96484375 0.0328125 0.0140625
1 0.8234375 0.96171875 0.03046875 0.01640625
1 0.70703125 0.96875 0.01953125 0.015625
1 0.59375 0.97109375 0.0359375 0.015625
1 0.740625 0.96796875 0.03515625 0.01328125
1 0.94765625 0.95625 0.0375 0.015625
1 0.88359375 0.95703125 0.03671875 0.01875
1 0.421875 0.984375 0.02421875 0.0109375
1 0.4453125 0.98125 0.02421875 0.01640625