1 0.47890625 0.8421875 0.08828125 0.08828125
1 0.81328125 0.8578125 0.08984375 0.08515625
1 0.26171875 0.88515625 0.23046875 0.153125
1 0.0625 0.84609375 0.125 0.13203125
1 0.46171875 0.78984375 0.03515625 0.02890625
3 0.55546875 0.7765625 0.06875 0.10625
1 0.3828125 0.81640625 0.02890625 0.02734375
1 0.4078125 0.8234375 0.01640625 0.05390625
1 0.734375 0.81640625 0.0609375 0.05234375
1 0.68984375 0.8171875 0.05546875 0.04375
1 0.36796875 0.83203125 0.0734375 0.07109375
1 0.6609375 0.803125 0.03359375 0.05546875