1 0.34921875 0.4453125 0.05625 0.02578125
1 0.4171875 0.44921875 0.06328125 0.03125
1 0.49921875 0.4546875 0.06171875 0.03203125
1 0.56796875 0.46015625 0.0453125 0.02265625
1 0.63828125 0.46328125 0.0453125 0.03125
1 0.865625 0.478125 0.04140625 0.02578125
1 0.93203125 0.48125 0.04375 0.028125
1 0.9796875 0.48828125 0.0375 0.02578125
1 0.37265625 0.44453125 0.03984375 0.02734375
1 0.79765625 0.471875 0.0625 0.03046875
1 0.1203125 0.4265625 0.0375 0.021875
1 0.21484375 0.434375 0.021875 0.03046875
1 0.25234375 0.440625 0.02265625 0.0234375
1 0.93828125 0.48125 0.0109375 0.02578125