1 0.415625 0.915625 0.01796875 0.01484375
1 0.48359375 0.9046875 0.01875 0.025
1 0.57421875 0.7703125 0.01484375 0.01796875
1 0.54921875 0.84609375 0.01484375 0.015625
1 0.575 0.84609375 0.021875 0.01796875
0 0.415625 0.88984375 0.03671875 0.04140625
0 0.678125 0.6921875 0.021875 0.02734375
3 0.38671875 0.92578125 0.0328125 0.02578125
3 0.4125 0.8921875 0.03359375 0.03984375
3 0.52109375 0.82890625 0.0140625 0.01640625
1 0.4984375 0.84765625 0.01484375 0.0125
1 0.5203125 0.828125 0.0140625 0.0140625
1 0.45546875 0.915625 0.02109375 0.021875
1 0.6203125 0.81953125 0.0140625 0.0109375
1 0.4875 0.8703125 0.01796875 0.0140625
1 0.50859375 0.81875 0.0125 0.01328125
3 0.640625 0.74296875 0.01875 0.0265625
3 0.58046875 0.784375 0.01484375 0.0140625
1 0.5609375 0.82265625 0.01484375 0.0140625
0 0.70625 0.690625 0.0203125 0.02109375
3 0.540625 0.81171875 0.01484375 0.01953125
3 0.70546875 0.69140625 0.01875 0.02421875
1 0.6375 0.77890625 0.565625 0.4375