2 0.50859375 0.73046875 0.034375 0.06640625
2 0.34765625 0.703125 0.0578125 0.084375
2 0.06171875 0.775 0.12265625 0.18828125
2 0.45 0.70078125 0.05234375 0.09921875
2 0.64375 0.84375 0.2375 0.14921875
2 0.853125 0.89140625 0.29140625 0.21328125
2 0.790625 0.79609375 0.10625 0.10078125
2 0.959375 0.7546875 0.078125 0.128125
1 0.5890625 0.61875 0.04375 0.04765625
2 0.77265625 0.865625 0.1765625 0.12578125
2 0.94296875 0.93046875 0.1109375 0.13515625
2 0.29921875 0.78828125 0.1203125 0.1625
2 0.56015625 0.6890625 0.02578125 0.05625
1 0.6359375 0.6078125 0.01953125 0.03125
2 0.621875 0.65625 0.0203125 0.04140625
2 0.48046875 0.69765625 0.5609375 0.17890625