1 0.7 0.740625 0.0421875 0.03203125
1 0.9265625 0.74140625 0.040625 0.0265625
1 0.6046875 0.74296875 0.04296875 0.0296875
1 0.8375 0.78515625 0.16640625 0.06953125
1 0.79140625 0.73984375 0.0328125 0.02109375
1 0.85390625 0.74140625 0.08515625 0.02734375
1 0.803125 0.74921875 0.04921875 0.0109375
1 0.9734375 0.7375 0.0421875 0.03046875
1 0.75078125 0.74453125 0.034375 0.02421875
1 0.64765625 0.7421875 0.03671875 0.02578125
1 0.02109375 0.7515625 0.03359375 0.02265625
1 0.8171875 0.746875 0.01796875 0.01171875
3 0.8375 0.7859375 0.1625 0.06640625
3 0.971875 0.7375 0.0390625 0.02734375
3 0.60234375 0.74296875 0.03984375 0.02890625