0 0.28203125 0.62890625 0.0828125 0.0609375
0 0.34375 0.6328125 0.04140625 0.04921875
0 0.50859375 0.665625 0.08046875 0.084375
0 0.4546875 0.66875 0.07421875 0.078125
0 0.5578125 0.6640625 0.06171875 0.06796875
0 0.60078125 0.6625 0.0671875 0.0703125
0 0.68359375 0.66171875 0.05703125 0.06953125
0 0.64140625 0.66328125 0.06328125 0.0703125
0 0.41640625 0.66953125 0.0953125 0.084375
0 0.4421875 0.6234375 0.075 0.04921875
0 0.40078125 0.62734375 0.07578125 0.0578125
0 0.47578125 0.61640625 0.06015625 0.04140625
0 0.51171875 0.61796875 0.0640625 0.040625
0 0.50625 0.58125 0.71875 0.315625