1 0.2109375 0.72734375 0.246875 0.1953125
1 0.08828125 0.721875 0.171875 0.16015625
1 0.69921875 0.67109375 0.0484375 0.04921875
1 0.5171875 0.7921875 0.37421875 0.271875
1 0.63359375 0.659375 0.078125 0.075
1 0.85703125 0.68671875 0.025 0.05625
1 0.8515625 0.659375 0.0328125 0.0484375
1 0.01796875 0.68046875 0.03359375 0.04296875
0 0.14296875 0.63515625 0.2859375 0.1015625
3 0.61171875 0.6125 0.06875 0.03515625
3 0.32265625 0.63359375 0.07890625 0.0890625
3 0.73671875 0.6328125 0.01953125 0.02109375
3 0.68046875 0.64765625 0.03046875 0.03515625
1 0.4875 0.6515625 0.04140625 0.01796875
1 0.54140625 0.64296875 0.125 0.03984375
1 0.87578125 0.64765625 0.01640625 0.01796875
3 0.5765625 0.6171875 0.1421875 0.07734375