1 0.04765625 0.50234375 0.0953125 0.2578125
1 0.540625 0.28125 0.04921875 0.04140625
1 0.03984375 0.28203125 0.04140625 0.02890625
2 0.66640625 0.44609375 0.11796875 0.17578125
1 0.49296875 0.2703125 0.07734375 0.04296875
1 0.36171875 0.2765625 0.05546875 0.0453125
2 0.46640625 0.40234375 0.0484375 0.1234375
2 0.19296875 0.47890625 0.175 0.28515625
2 0.271875 0.49296875 0.02890625 0.12734375
3 0.1890625 0.26875 0.05078125 0.0390625
3 0.0484375 0.50078125 0.096875 0.2703125
1 0.22578125 0.271875 0.03828125 0.03203125
1 0.41953125 0.2875 0.0734375 0.059375
1 0.15625 0.2875 0.05703125 0.04453125
1 0.2671875 0.2671875 0.028125 0.01796875
1 0.07734375 0.2703125 0.02890625 0.02578125
1 0.48828125 0.30390625 0.09453125 0.06875
2 0.47734375 0.525 0.06640625 0.1453125
1 0.03984375 0.2578125 0.0328125 0.01484375
1 0.10546875 0.26328125 0.0359375 0.05390625