1 0.3546875 0.3515625 0.06171875 0.0390625
1 0.12109375 0.3640625 0.0625 0.06328125
1 0.53359375 0.34921875 0.040625 0.03984375
1 0.10078125 0.34296875 0.06015625 0.03828125
1 0.375 0.340625 0.04765625 0.01640625
1 0.140625 0.32578125 0.0375 0.01640625
1 0.6078125 0.41015625 0.184375 0.10234375
1 0.078125 0.32890625 0.01953125 0.021875
1 0.3578125 0.3328125 0.02265625 0.01484375
1 0.4296875 0.34921875 0.090625 0.053125
1 0.2171875 0.34765625 0.0484375 0.0375
3 0.0421875 0.325 0.03828125 0.03671875
1 0.31171875 0.34296875 0.034375 0.04765625
1 0.2765625 0.32890625 0.540625 0.06171875