1 0.9046875 0.5609375 0.0421875 0.0265625
1 0.74609375 0.56171875 0.04609375 0.02734375
1 0.41328125 0.546875 0.04921875 0.02890625
1 0.05390625 0.54453125 0.04296875 0.02109375
1 0.096875 0.5484375 0.0375 0.025
1 0.86953125 0.56015625 0.0328125 0.02421875
1 0.32578125 0.54453125 0.04140625 0.02890625
1 0.37109375 0.55 0.04453125 0.02265625
1 0.490625 0.5484375 0.04453125 0.0171875
1 0.02578125 0.54140625 0.0359375 0.02578125
1 0.28359375 0.5484375 0.03671875 0.02734375
1 0.53125 0.5515625 0.0484375 0.028125
1 0.5859375 0.55703125 0.04140625 0.0265625
1 0.575 0.54921875 0.7875 0.05078125