2 0.35 0.221875 0.7 0.19140625
2 0.453125 0.5015625 0.90625 0.12265625
2 0.33125 0.428125 0.64921875 0.1484375
2 0.33125 0.36640625 0.65546875 0.128125
2 0.51640625 0.54765625 0.8828125 0.1296875
2 0.39921875 0.2234375 0.621875 0.0890625
2 0.35390625 0.28125 0.69140625 0.13125
2 0.46484375 0.71875 0.60390625 0.25234375
2 0.415625 0.13828125 0.28671875 0.04296875
2 0.353125 0.17890625 0.5578125 0.12421875
2 0.39453125 0.1625 0.38984375 0.059375
2 0.3625 0.17265625 0.46171875 0.090625
2 0.4984375 0.47890625 0.996875 0.9578125