1 0.09453125 0.40703125 0.0234375 0.02265625
0 0.53515625 0.44375 0.3515625 0.36015625
0 0.31875 0.40625 0.10234375 0.18984375
1 0.1109375 0.37421875 0.02578125 0.015625
0 0.0703125 0.3765625 0.0234375 0.03828125
3 0.09609375 0.39765625 0.0203125 0.040625
3 0.02578125 0.4359375 0.05 0.08984375
1 0.17265625 0.3921875 0.01953125 0.01796875
1 0.00625 0.4859375 0.01171875 0.040625
1 0.02578125 0.428125 0.05078125 0.07265625
1 0.015625 0.45859375 0.03046875 0.0578125
1 0.153125 0.38671875 0.01328125 0.0125
0 0.13515625 0.36640625 0.0140625 0.01640625