2 0.0875 0.7609375 0.1234375 0.3265625
2 0.17734375 0.74609375 0.13203125 0.30859375
2 0.2609375 0.73984375 0.0765625 0.27734375
2 0.39609375 0.74453125 0.21015625 0.221875
2 0.53515625 0.7078125 0.09375 0.240625
2 0.5984375 0.70703125 0.0671875 0.21484375
2 0.7203125 0.690625 0.09296875 0.2
2 0.65625 0.69375 0.1296875 0.22265625
2 0.915625 0.671875 0.0828125 0.17578125
2 0.946875 0.68203125 0.04375 0.10625
2 0.96875 0.6515625 0.0609375 0.08515625
2 0.4875 0.7015625 0.08828125 0.23125
2 0.76875 0.6875 0.109375 0.19921875
2 0.6234375 0.68203125 0.571875 0.27109375