1 0.27734375 0.303125 0.17265625 0.09296875
1 0.42890625 0.28046875 0.11015625 0.0765625
1 0.48984375 0.25703125 0.0390625 0.03671875
1 0.5984375 0.2625 0.04140625 0.03515625
1 0.6390625 0.2546875 0.034375 0.03203125
1 0.153125 0.30859375 0.03515625 0.065625
1 0.7390625 0.2296875 0.01796875 0.021875
1 0.890625 0.22109375 0.0359375 0.02890625
1 0.21328125 0.30234375 0.0921875 0.08203125
1 0.37421875 0.28359375 0.034375 0.0484375
1 0.07890625 0.315625 0.15703125 0.109375
1 0.5625 0.2546875 0.04765625 0.02109375