1 0.11875 0.09921875 0.0921875 0.07734375
1 0.503125 0.13515625 0.228125 0.15625
1 0.3890625 0.078125 0.1140625 0.059375
1 0.27265625 0.15390625 0.31328125 0.1953125
1 0.69453125 0.115625 0.2484375 0.17734375
1 0.82734375 0.06328125 0.06015625 0.07109375
1 0.0546875 0.078125 0.03671875 0.03046875
2 0.53203125 0.52734375 0.61796875 0.81953125
3 0.92734375 0.09609375 0.1421875 0.14921875
1 0.83203125 0.1203125 0.05390625 0.06640625
1 0.93984375 0.0484375 0.06796875 0.04609375
1 0.1828125 0.10078125 0.13359375 0.09453125