1 0.2015625 0.70234375 0.09140625 0.0453125
1 0.28203125 0.7 0.06484375 0.0328125
1 0.378125 0.70234375 0.09140625 0.04375
1 0.05 0.70546875 0.0484375 0.05234375
1 0.5265625 0.69375 0.07421875 0.053125
1 0.96328125 0.69375 0.0640625 0.03984375
1 0.45546875 0.69453125 0.0734375 0.0328125
1 0.496875 0.68671875 0.02578125 0.0203125
1 0.9046875 0.6953125 0.0296875 0.040625
1 0.76875 0.7 0.03984375 0.0484375
1 0.40234375 0.6796875 0.1015625 0.01875
1 0.321875 0.68515625 0.05 0.015625
1 0.00703125 0.68203125 0.01328125 0.02265625
1 0.53359375 0.6953125 0.7359375 0.08203125