1 0.9484375 0.51015625 0.1 0.234375
1 0.9390625 0.4953125 0.11953125 0.225
1 0.70078125 0.47265625 0.04453125 0.125
1 0.4125 0.490625 0.19453125 0.26015625
1 0.79609375 0.47578125 0.05390625 0.12734375
1 0.51640625 0.4 0.05390625 0.06484375
1 0.91328125 0.4859375 0.09140625 0.221875
1 0.37890625 0.4140625 0.13984375 0.153125
1 0.871875 0.4171875 0.05625 0.0921875
2 0.5484375 0.64609375 0.1828125 0.3390625
1 0.2921875 0.375 0.05625 0.08515625
1 0.696875 0.46171875 0.08046875 0.134375
1 0.59140625 0.4015625 0.0578125 0.0578125