1 0.4140625 0.45546875 0.15859375 0.05546875
1 0.778125 0.44921875 0.08125 0.04765625
1 0.7984375 0.4078125 0.0484375 0.02890625
1 0.1109375 0.47421875 0.065625 0.03828125
1 0.04453125 0.471875 0.0890625 0.05625
1 0.66328125 0.40625 0.03046875 0.0203125
1 0.73046875 0.409375 0.04453125 0.02265625
1 0.9140625 0.41015625 0.04296875 0.0234375
1 0.78828125 0.390625 0.01796875 0.009375
1 0.23125 0.43828125 0.0484375 0.02734375
1 0.75859375 0.3921875 0.02109375 0.0140625
1 0.83671875 0.40859375 0.03046875 0.01640625