1 0.290625 0.87109375 0.0203125 0.02109375
1 0.3859375 0.91015625 0.0265625 0.02578125
1 0.428125 0.91328125 0.02578125 0.02421875
1 0.44296875 0.928125 0.02421875 0.025
1 0.46796875 0.9265625 0.028125 0.028125
1 0.5046875 0.94765625 0.03046875 0.02421875
1 0.553125 0.940625 0.021875 0.02578125
1 0.690625 0.984375 0.0421875 0.02421875
1 0.51796875 0.93828125 0.021875 0.021875
1 0.3984375 0.90546875 0.01640625 0.02265625
1 0.22421875 0.8484375 0.01640625 0.01796875
1 0.19765625 0.84296875 0.01953125 0.01953125
1 0.33125 0.8859375 0.025 0.01875
1 0.53828125 0.915625 0.5921875 0.16171875