3 0.48671875 0.671875 0.02421875 0.0203125
3 0.4546875 0.65703125 0.02578125 0.01796875
1 0.43203125 0.8703125 0.00859375 0.02890625
1 0.53984375 0.90546875 0.02109375 0.034375
1 0.59921875 0.9 0.01875 0.03125
1 0.6296875 0.9203125 0.0234375 0.040625
1 0.89296875 0.60859375 0.015625 0.0140625
1 0.93828125 0.71328125 0.02421875 0.01484375
1 0.11796875 0.87890625 0.04140625 0.021875
1 0.3328125 0.878125 0.01484375 0.03203125
1 0.10078125 0.9359375 0.03515625 0.02265625
1 0.2375 0.890625 0.0203125 0.0375
1 0.4859375 0.8578125 0.01953125 0.02890625
1 0.29375 0.9453125 0.01875 0.03828125
1 0.37890625 0.9296875 0.0203125 0.0328125
1 0.5 0.725 0.996875 0.54453125