1 0.3046875 0.73984375 0.0953125 0.08515625
1 0.57421875 0.73828125 0.0546875 0.06171875
1 0.4703125 0.7234375 0.03125 0.02734375
1 0.51875 0.721875 0.02109375 0.0234375
1 0.4125 0.73984375 0.0140625 0.0359375
1 0.70078125 0.74375 0.07734375 0.09375
1 0.6484375 0.73125 0.0515625 0.05625
1 0.60234375 0.7203125 0.01875 0.0203125
1 0.490625 0.72265625 0.015625 0.025
3 0.36796875 0.725 0.07578125 0.0890625
3 0.596875 0.6921875 0.01484375 0.02578125
3 0.5640625 0.7109375 0.0625 0.084375
1 0.49921875 0.71875 0.0140625 0.02265625