1 0.8453125 0.55078125 0.1625 0.11171875
3 0.684375 0.5109375 0.14609375 0.11484375
3 0.6046875 0.48515625 0.1546875 0.08984375
3 0.50078125 0.440625 0.125 0.08203125
1 0.60546875 0.48515625 0.1609375 0.0921875
3 0.8296875 0.4609375 0.0984375 0.06875
3 0.8453125 0.5515625 0.16328125 0.10703125
1 0.70859375 0.40390625 0.06640625 0.0390625
1 0.7265625 0.4328125 0.08671875 0.04296875
1 0.7234375 0.39375 0.09296875 0.02578125
1 0.6125 0.35390625 0.02109375 0.021875
1 0.0296875 0.3578125 0.059375 0.05
1 0.090625 0.34765625 0.0484375 0.03671875
1 0.56171875 0.39609375 0.03203125 0.0203125
1 0.69921875 0.51015625 0.18046875 0.11328125
3 0.29296875 0.61171875 0.5859375 0.4828125
3 0.5703125 0.4609375 0.15234375 0.0828125
1 0.7234375 0.41796875 0.55 0.17734375