1 0.60234375 0.72734375 0.43671875 0.38515625
1 0.33671875 0.665625 0.190625 0.24296875
1 0.08828125 0.62578125 0.1109375 0.14140625
1 0.0546875 0.80546875 0.10625 0.384375
1 0.52421875 0.521875 0.09921875 0.04375
1 0.40546875 0.53203125 0.10703125 0.05390625
1 0.2265625 0.53984375 0.09375 0.046875
1 0.05390625 0.6921875 0.1078125 0.234375
1 0.1453125 0.6046875 0.0515625 0.0796875
1 0.65859375 0.51015625 0.11640625 0.06796875
1 0.24296875 0.6109375 0.02890625 0.11484375
1 0.15078125 0.57421875 0.078125 0.09609375
1 0.54296875 0.4875 0.06171875 0.034375
1 0.3390625 0.5515625 0.675 0.19921875