1 0.59609375 0.2296875 0.30078125 0.13671875
1 0.2109375 0.23203125 0.29921875 0.13671875
1 0.0609375 0.259375 0.121875 0.13125
1 0.06640625 0.15 0.12890625 0.0921875
1 0.3359375 0.15234375 0.16484375 0.1234375
1 0.44140625 0.22890625 0.1609375 0.12265625
1 0.60859375 0.1640625 0.19375 0.06640625
1 0.11875 0.17421875 0.15078125 0.08984375
1 0.76640625 0.184375 0.1484375 0.078125
1 0.653125 0.253125 0.16640625 0.059375
1 0.83046875 0.29609375 0.14609375 0.1453125
1 0.93515625 0.24296875 0.1265625 0.0546875
1 0.9265625 0.21171875 0.14375 0.0921875
1 0.56015625 0.146875 0.8765625 0.13125