1 0.96484375 0.90703125 0.0671875 0.0421875
1 0.97578125 0.8671875 0.0453125 0.040625
1 0.81875 0.89453125 0.359375 0.20625
1 0.82890625 0.8078125 0.02578125 0.02421875
1 0.03828125 0.82421875 0.0625 0.04921875
1 0.16171875 0.9171875 0.103125 0.06640625
1 0.90625 0.93671875 0.05546875 0.065625
1 0.50078125 0.85546875 0.03828125 0.05390625
1 0.109375 0.90078125 0.03359375 0.06796875
1 0.90703125 0.81171875 0.0421875 0.028125
1 0.378125 0.72890625 0.0375 0.01953125
1 0.9890625 0.93515625 0.01875 0.0359375
3 0.95546875 0.83671875 0.0859375 0.04921875
1 0.98125 0.8078125 0.034375 0.028125
1 0.49921875 0.8296875 0.9953125 0.2796875