1 0.5078125 0.65 0.046875 0.046875
1 0.3734375 0.64453125 0.04609375 0.06015625
1 0.57734375 0.64921875 0.03515625 0.02578125
1 0.4359375 0.646875 0.0484375 0.04765625
1 0.46171875 0.64765625 0.02109375 0.0390625
1 0.65546875 0.65078125 0.03359375 0.0375
1 0.41328125 0.65 0.04375 0.03828125
1 0.03828125 0.66171875 0.07421875 0.084375
1 0.18046875 0.63515625 0.02890625 0.04140625
1 0.53828125 0.65234375 0.02109375 0.02265625
1 0.67421875 0.6515625 0.01015625 0.02578125
1 0.35390625 0.66640625 0.03828125 0.12109375
1 0.82109375 0.6640625 0.01640625 0.03046875