2 0.371875 0.69375 0.53984375 0.57734375
2 0.6875 0.37109375 0.0203125 0.02890625
3 0.33828125 0.28984375 0.23125 0.29375
1 0.76484375 0.4265625 0.2515625 0.30546875
1 0.15546875 0.39296875 0.2625 0.26328125
1 0.64375 0.35859375 0.06640625 0.0765625
1 0.5703125 0.3796875 0.11015625 0.1765625
1 0.6640625 0.3125 0.0515625 0.0515625
1 0.91953125 0.38671875 0.11015625 0.16015625
1 0.49921875 0.3890625 0.9984375 0.178125
1 0.709375 0.2953125 0.05859375 0.053125
1 0.959375 0.31640625 0.0625 0.0546875
1 0.96796875 0.29921875 0.0625 0.04140625
1 0.825 0.3109375 0.03046875 0.0390625
1 0.69921875 0.31796875 0.07265625 0.05234375
0 0.52578125 0.253125 0.15234375 0.1015625
1 0.81875 0.2828125 0.0375 0.04140625