1 0.13984375 0.90390625 0.053125 0.015625
1 0.59375 0.87109375 0.075 0.0359375
0 0.23984375 0.8484375 0.06328125 0.0765625
1 0.359375 0.86796875 0.03203125 0.0375
1 0.41875 0.853125 0.01640625 0.02109375
0 0.6359375 0.84921875 0.04375 0.07109375
1 0.1734375 0.88359375 0.02734375 0.02578125
1 0.1890625 0.878125 0.03203125 0.0265625
1 0.14609375 0.8875 0.0421875 0.0203125
1 0.434375 0.8546875 0.01484375 0.021875
1 0.53359375 0.853125 0.015625 0.01953125
1 0.321875 0.859375 0.02265625 0.0140625
1 0.9046875 0.9015625 0.071875 0.0609375
0 0.39296875 0.8484375 0.0234375 0.0296875