1 0.44921875 0.49296875 0.04375 0.0421875
1 0.725 0.43984375 0.05546875 0.025
1 0.04453125 0.43359375 0.0578125 0.03125
1 0.2 0.33359375 0.0171875 0.01875
1 0.60078125 0.33125 0.0328125 0.01796875
1 0.58515625 0.32578125 0.025 0.0171875
1 0.2921875 0.44375 0.03984375 0.028125
3 0.22109375 0.30390625 0.034375 0.01953125
1 0.21796875 0.278125 0.0234375 0.01328125
1 0.23828125 0.31015625 0.021875 0.0125
1 0.38515625 0.31171875 0.0171875 0.025
1 0.559375 0.3015625 0.025 0.015625
1 0.2375 0.28984375 0.01796875 0.0171875