3 0.61171875 0.59765625 0.078125 0.10234375
3 0.41484375 0.58984375 0.0953125 0.10625
2 0.53125 0.4484375 0.08203125 0.0703125
2 0.62734375 0.45234375 0.0765625 0.065625
2 0.428125 0.45 0.09375 0.0625
3 0.71015625 0.46171875 0.084375 0.10859375
3 0.51484375 0.59296875 0.0875 0.10625
3 0.6859375 0.60078125 0.078125 0.10859375
3 0.790625 0.4609375 0.0859375 0.1171875
3 0.56328125 0.46796875 0.08515625 0.12578125
3 0.6390625 0.46640625 0.0875 0.125
3 0.53828125 0.60234375 0.60859375 0.21796875
3 0.42265625 0.46171875 0.096875 0.12578125
3 0.49140625 0.4625 0.08671875 0.12421875
1 0.784375 0.60234375 0.07734375 0.10625
3 0.328125 0.45390625 0.12734375 0.11875
2 0.465625 0.596875 0.0328125 0.09453125
2 0.74609375 0.60546875 0.028125 0.11640625
3 0.12890625 0.53359375 0.25390625 0.290625