1 0.07421875 0.46328125 0.1484375 0.16328125
1 0.24921875 0.44375 0.034375 0.02890625
1 0.19921875 0.440625 0.01953125 0.03046875
1 0.4453125 0.44765625 0.01953125 0.0234375
3 0.07421875 0.46015625 0.1484375 0.16328125
1 0.66484375 0.4609375 0.078125 0.0453125
3 0.31796875 0.4640625 0.1109375 0.08125
1 0.4609375 0.446875 0.0203125 0.01796875
1 0.421875 0.4453125 0.03515625 0.02890625
1 0.60546875 0.46171875 0.02421875 0.0390625
1 0.2734375 0.43984375 0.01796875 0.02890625
1 0.36796875 0.45 0.025 0.04140625
1 0.54609375 0.44921875 0.02421875 0.01640625
1 0.21875 0.4421875 0.03515625 0.0296875