1 0.79296875 0.83125 0.0484375 0.04609375
1 0.8328125 0.8296875 0.046875 0.0375
1 0.46328125 0.821875 0.02421875 0.0234375
1 0.4796875 0.81953125 0.02734375 0.02734375
3 0.8890625 0.8234375 0.0609375 0.05546875
3 0.76484375 0.8109375 0.0453125 0.0390625
1 0.84609375 0.80078125 0.03984375 0.03125
1 0.60546875 0.82890625 0.0265625 0.0390625
1 0.5953125 0.80703125 0.0109375 0.0203125
1 0.89140625 0.7921875 0.03671875 0.021875
3 0.503125 0.815625 0.03515625 0.03828125
1 0.940625 0.82578125 0.05078125 0.0421875