1 0.1578125 0.8890625 0.29609375 0.215625
1 0.328125 0.8875 0.15234375 0.21875
1 0.4203125 0.86328125 0.11640625 0.16171875
1 0.82578125 0.75859375 0.02421875 0.03203125
1 0.58359375 0.82109375 0.0765625 0.10390625
1 0.6171875 0.8125 0.0359375 0.0875
1 0.62265625 0.80078125 0.06015625 0.0953125
1 0.4625 0.8296875 0.13046875 0.17265625
1 0.546875 0.83671875 0.06328125 0.125
1 0.65 0.79375 0.059375 0.0921875
1 0.684375 0.7890625 0.03515625 0.06484375
1 0.7109375 0.7734375 0.05234375 0.07421875
1 0.67734375 0.790625 0.02109375 0.059375
1 0.7703125 0.778125 0.171875 0.09609375