1 0.4984375 0.66015625 0.05625 0.0390625
1 0.840625 0.6734375 0.1609375 0.0609375
1 0.7453125 0.6484375 0.04140625 0.02109375
1 0.32890625 0.6765625 0.1359375 0.05078125
1 0.3515625 0.66484375 0.1359375 0.04375
1 0.38515625 0.65859375 0.0921875 0.03671875
1 0.95234375 0.65 0.046875 0.01328125
1 0.425 0.64296875 0.025 0.00859375
1 0.74921875 0.65546875 0.50078125 0.046875
1 0.909375 0.65 0.0390625 0.028125
1 0.48671875 0.6375 0.040625 0.01171875
1 0.6796875 0.64609375 0.046875 0.028125
0 0.67109375 0.63359375 0.0953125 0.0421875