1 0.93984375 0.40625 0.1171875 0.17109375
1 0.546875 0.40078125 0.1078125 0.12421875
1 0.53671875 0.35 0.12421875 0.075
1 0.15859375 0.3796875 0.14453125 0.09765625
1 0.03125 0.396875 0.06171875 0.16484375
1 0.07421875 0.3984375 0.078125 0.07421875
1 0.846875 0.4046875 0.02265625 0.0609375
1 0.6671875 0.3640625 0.046875 0.0359375
1 0.04765625 0.3515625 0.0828125 0.05859375
1 0.69453125 0.35625 0.040625 0.0234375
1 0.35859375 0.39296875 0.059375 0.11953125
1 0.665625 0.4046875 0.03984375 0.10703125
1 0.34765625 0.32890625 0.0453125 0.01640625
1 0.2796875 0.34296875 0.484375 0.05390625