1 0.65234375 0.73359375 0.1953125 0.15078125
1 0.5296875 0.69921875 0.1171875 0.0953125
1 0.37265625 0.68046875 0.065625 0.06484375
1 0.43828125 0.68671875 0.0859375 0.071875
2 0.3203125 0.68828125 0.01484375 0.03359375
0 0.715625 0.60546875 0.17578125 0.0578125
1 0.30234375 0.634375 0.075 0.02734375
1 0.63515625 0.66015625 0.103125 0.040625
1 0.48203125 0.6671875 0.02890625 0.03359375
1 0.24765625 0.5859375 0.015625 0.01484375
1 0.365625 0.6109375 0.01640625 0.0203125
1 0.36015625 0.609375 0.0171875 0.0265625
3 0.875 0.68671875 0.24296875 0.17734375