1 0.6046875 0.7671875 0.07890625 0.06875
2 0.56953125 0.8625 0.01171875 0.0578125
2 0.47265625 0.8234375 0.01875 0.04921875
2 0.384375 0.6953125 0.01875 0.034375
1 0.859375 0.7625 0.07421875 0.090625
1 0.534375 0.771875 0.05859375 0.0390625
1 0.54140625 0.71015625 0.05625 0.0609375
1 0.47734375 0.72578125 0.0703125 0.0828125
1 0.42578125 0.6828125 0.0484375 0.059375
1 0.4703125 0.65078125 0.0484375 0.05703125
1 0.4109375 0.596875 0.0359375 0.04921875
1 0.36328125 0.5859375 0.03671875 0.03984375
1 0.34453125 0.56875 0.02421875 0.02890625
1 0.6796875 0.84453125 0.12734375 0.11484375
1 0.928125 0.8046875 0.1046875 0.090625
1 0.853125 0.809375 0.0453125 0.040625
1 0.659375 0.6890625 0.678125 0.39765625