1 0.40234375 0.1734375 0.05078125 0.05078125
1 0.403125 0.146875 0.03984375 0.03203125
1 0.69140625 0.184375 0.04609375 0.04765625
1 0.3375 0.12578125 0.02421875 0.02265625
2 0.88125 0.6625 0.21171875 0.42109375
3 0.8640625 0.19765625 0.04921875 0.04765625
1 0.11171875 0.33515625 0.13515625 0.0765625
2 0.6578125 0.66484375 0.1859375 0.42265625
2 0.771875 0.64140625 0.10078125 0.390625
2 0.4921875 0.65078125 0.0953125 0.29921875
2 0.43203125 0.56484375 0.05546875 0.16015625
2 0.32109375 0.6140625 0.11953125 0.30859375
2 0.40390625 0.64296875 0.0828125 0.27890625
2 0.14375 0.6203125 0.13359375 0.228125
2 0.25859375 0.61015625 0.05625 0.20234375
2 0.05234375 0.5859375 0.08671875 0.23359375
2 0.2140625 0.58515625 0.0609375 0.2296875
2 0.02578125 0.64453125 0.0296875 0.10078125
2 0.57109375 0.69140625 0.0828125 0.28359375