1 0.08203125 0.3171875 0.05703125 0.06328125
1 0.16953125 0.31640625 0.06171875 0.0703125
1 0.1265625 0.3171875 0.0359375 0.053125
1 0.40390625 0.37578125 0.1984375 0.16953125
1 0.03828125 0.31484375 0.0375 0.0359375
1 0.01484375 0.30703125 0.02890625 0.0359375
2 0.1578125 0.5578125 0.1703125 0.3421875
2 0.52421875 0.7328125 0.3453125 0.52890625
2 0.71953125 0.60390625 0.25078125 0.52734375
2 0.8921875 0.55625 0.2125 0.36328125
2 0.24765625 0.45859375 0.09140625 0.2640625
2 0.8859375 0.375 0.071875 0.11796875
2 0.78515625 0.3765625 0.09609375 0.08125
2 0.91796875 0.37421875 0.13984375 0.209375
2 0.8109375 0.33828125 0.06953125 0.06796875
2 0.9890625 0.3703125 0.01875 0.13125