1 0.5109375 0.97734375 0.084375 0.0390625
1 0.45234375 0.88828125 0.0640625 0.0640625
1 0.4328125 0.86953125 0.06015625 0.05078125
1 0.40703125 0.82421875 0.06796875 0.0703125
1 0.39609375 0.784375 0.06484375 0.05859375
1 0.3828125 0.76640625 0.046875 0.03671875
1 0.36328125 0.7390625 0.03984375 0.04375
1 0.346875 0.696875 0.0359375 0.03125
1 0.3796875 0.753125 0.0578125 0.05625
1 0.49140625 0.97109375 0.0609375 0.05625
1 0.47578125 0.95 0.06171875 0.06328125
1 0.28984375 0.58515625 0.03125 0.02734375
1 0.30625 0.62421875 0.03984375 0.0234375
1 0.3390625 0.6703125 0.21875 0.38828125