1 0.64921875 0.640625 0.0734375 0.128125
1 0.06640625 0.56796875 0.13046875 0.16796875
1 0.28046875 0.51640625 0.109375 0.11328125
1 0.89453125 0.48671875 0.16015625 0.0765625
1 0.446875 0.509375 0.0375 0.05859375
1 0.85546875 0.71796875 0.2046875 0.1046875
1 0.25625 0.46171875 0.07734375 0.05234375
1 0.44296875 0.4796875 0.03359375 0.025
1 0.1375 0.47109375 0.10078125 0.04296875
1 0.07890625 0.4828125 0.09609375 0.03203125
1 0.31484375 0.48671875 0.04765625 0.0796875
1 0.028125 0.48125 0.05625 0.071875