1 0.296875 0.25078125 0.240625 0.2015625
1 0.7046875 0.18359375 0.03359375 0.05
1 0.65546875 0.203125 0.0390625 0.0734375
1 0.58515625 0.24140625 0.05703125 0.10078125
1 0.39453125 0.19765625 0.04609375 0.06015625
1 0.11484375 0.2578125 0.15078125 0.11484375
1 0.01953125 0.29765625 0.0390625 0.0859375
1 0.88125 0.15625 0.05 0.05546875
1 0.43203125 0.19296875 0.034375 0.06484375
1 0.56640625 0.1828125 0.075 0.0640625
1 0.63203125 0.1796875 0.05 0.06328125
1 0.71953125 0.16484375 0.02734375 0.0265625