2 0.590625 0.58984375 0.12734375 0.14140625
2 0.1953125 0.578125 0.19609375 0.23828125
2 0.73125 0.56953125 0.05078125 0.134375
2 0.03828125 0.584375 0.0640625 0.125
2 0.41484375 0.56953125 0.146875 0.203125
2 0.82421875 0.54921875 0.0609375 0.12734375
2 0.32421875 0.54140625 0.06484375 0.13359375
2 0.3015625 0.56328125 0.04609375 0.1265625
2 0.521875 0.55390625 0.04140625 0.1078125
2 0.6640625 0.56171875 0.07578125 0.10234375
2 0.56875 0.52265625 0.05 0.06015625
2 0.76953125 0.521875 0.04375 0.10078125
2 0.69375 0.53125 0.03046875 0.08671875