1 0.55703125 0.39921875 0.19375 0.146875
1 0.49375 0.35078125 0.15234375 0.103125
1 0.32890625 0.35859375 0.0890625 0.084375
1 0.1984375 0.33359375 0.06328125 0.0203125
1 0.65703125 0.2859375 0.06015625 0.0328125
1 0.9359375 0.26640625 0.06328125 0.02109375
1 0.5859375 0.29375 0.0375 0.0171875
1 0.9515625 0.34296875 0.06796875 0.090625
1 0.2328125 0.575 0.4625 0.45859375
1 0.41640625 0.346875 0.04921875 0.0953125
3 0.74140625 0.475 0.47890625 0.41796875
3 0.0625 0.34765625 0.12109375 0.11484375
1 0.24609375 0.30078125 0.0671875 0.02734375
3 0.48828125 0.35390625 0.17734375 0.11015625