1 0.26171875 0.59375 0.2890625 0.11328125
1 0.05234375 0.61015625 0.1046875 0.0671875
1 0.6265625 0.56640625 0.07421875 0.028125
1 0.4140625 0.58125 0.1359375 0.04921875
1 0.971875 0.6046875 0.05234375 0.09375
1 0.0546875 0.5828125 0.1078125 0.0390625
3 0.25859375 0.59375 0.29765625 0.11640625
3 0.71328125 0.56640625 0.078125 0.05703125
0 0.7390625 0.53125 0.1078125 0.0203125
1 0.4984375 0.56953125 0.084375 0.03828125
1 0.5640625 0.56640625 0.0640625 0.034375
0 0.11875 0.5375 0.1296875 0.05390625