1 0.97578125 0.69453125 0.0453125 0.18359375
2 0.25234375 0.70078125 0.31875 0.40703125
2 0.8484375 0.575 0.225 0.32109375
3 0.4453125 0.19765625 0.096875 0.05859375
1 0.73359375 0.28671875 0.1 0.06640625
1 0.46484375 0.25078125 0.0578125 0.03671875
1 0.515625 0.26484375 0.05703125 0.05234375
0 0.4515625 0.203125 0.07265625 0.0671875
3 0.1203125 0.2609375 0.16328125 0.11953125
3 0.95859375 0.271875 0.0796875 0.1375
3 0.503125 0.23125 0.13203125 0.0609375
3 0.8734375 0.2640625 0.1328125 0.0828125
3 0.24609375 0.25234375 0.08359375 0.0625
1 0.95859375 0.27421875 0.0796875 0.13671875
1 0.87578125 0.2640625 0.13671875 0.07265625
1 0.84296875 0.271875 0.0140625 0.01640625
3 0.759375 0.26875 0.103125 0.06484375