2 0.15859375 0.615625 0.3171875 0.2
2 0.30234375 0.5953125 0.1734375 0.16875
2 0.87578125 0.6453125 0.2453125 0.2125
2 0.8640625 0.6203125 0.27109375 0.1765625
2 0.6203125 0.56484375 0.09453125 0.1328125
2 0.71875 0.55 0.1109375 0.090625
2 0.74765625 0.615625 0.06484375 0.0875
2 0.053125 0.77890625 0.10625 0.140625
2 0.771875 0.575 0.1375 0.109375
2 0.38203125 0.56484375 0.0859375 0.09140625
2 0.3421875 0.56875 0.11640625 0.15234375
2 0.7296875 0.525 0.1828125 0.096875
2 0.39765625 0.55625 0.08671875 0.07421875
2 0.43203125 0.53671875 0.28515625 0.0859375