1 0.7546875 0.38671875 0.09921875 0.08125
1 0.82890625 0.3578125 0.071875 0.0421875
1 0.978125 0.40390625 0.040625 0.06328125
1 0.315625 0.36640625 0.05625 0.0515625
1 0.26875 0.36015625 0.04453125 0.05
3 0.3875 0.36328125 0.09140625 0.06953125
1 0.82734375 0.4 0.06015625 0.05390625
1 0.91640625 0.359375 0.0765625 0.046875
1 0.696875 0.3921875 0.03984375 0.05859375
1 0.91953125 0.4 0.075 0.0734375
1 0.69609375 0.3515625 0.0359375 0.02421875
1 0.4515625 0.37421875 0.04296875 0.0546875
1 0.55390625 0.34453125 0.04609375 0.0234375
1 0.765625 0.37734375 0.45 0.159375