0 0.47109375 0.6828125 0.0796875 0.084375
1 0.3390625 0.740625 0.146875 0.10078125
1 0.82734375 0.84609375 0.20703125 0.24921875
1 0.67734375 0.7890625 0.0453125 0.10390625
1 0.66875 0.78125 0.053125 0.0921875
1 0.71953125 0.7921875 0.08828125 0.14609375
1 0.59453125 0.71484375 0.03671875 0.05546875
1 0.54921875 0.72890625 0.06953125 0.0640625
1 0.08984375 0.74765625 0.07265625 0.0640625
1 0.6609375 0.75546875 0.07578125 0.10390625
1 0.6375 0.7234375 0.0234375 0.03671875
1 0.26875 0.709375 0.02890625 0.03046875
1 0.02734375 0.7453125 0.0546875 0.0984375
1 0.1953125 0.72734375 0.04609375 0.05
0 0.5328125 0.6734375 0.040625 0.05703125