1 0.12265625 0.575 0.2453125 0.1625
1 0.0640625 0.46796875 0.12578125 0.08203125
1 0.45078125 0.46640625 0.13984375 0.0875
1 0.3859375 0.50546875 0.071875 0.1078125
1 0.44296875 0.3953125 0.09375 0.04609375
1 0.50078125 0.3734375 0.08203125 0.05078125
1 0.23046875 0.91328125 0.4484375 0.153125
1 0.48359375 0.42734375 0.06328125 0.0484375
1 0.2203125 0.4 0.10859375 0.03828125
1 0.62109375 0.37421875 0.090625 0.040625
1 0.24609375 0.5203125 0.25546875 0.17421875
1 0.1734375 0.44609375 0.16171875 0.084375
3 0.58203125 0.28515625 0.05546875 0.05234375
1 0.534375 0.334375 0.0578125 0.03125
3 0.5640625 0.31171875 0.0546875 0.03515625
3 0.3484375 0.40859375 0.1859375 0.06953125
1 0.33984375 0.51796875 0.675 0.45625