0 0.3734375 0.34453125 0.18203125 0.278125
1 0.88671875 0.3515625 0.06875 0.11484375
1 0.7828125 0.3625 0.08046875 0.1265625
0 0.52421875 0.36875 0.08828125 0.15078125
1 0.64453125 0.39296875 0.075 0.12421875
1 0.78046875 0.47265625 0.09375 0.14765625
1 0.59921875 0.496875 0.0921875 0.11796875
0 0.2140625 0.51640625 0.26328125 0.4046875
1 0.90859375 0.52109375 0.08984375 0.171875
1 0.440625 0.54375 0.12109375 0.18125
2 0.8203125 0.56953125 0.0328125 0.08125
1 0.74375 0.61015625 0.10546875 0.16953125
1 0.94375 0.6328125 0.109375 0.2328125
2 0.84296875 0.66796875 0.03828125 0.10234375
1 0.35859375 0.70546875 0.1421875 0.190625
0 0.5296875 0.73125 0.15 0.271875
1 0.95859375 0.84765625 0.07890625 0.2328125
1 0.7171875 0.87734375 0.17109375 0.23828125
1 0.478125 0.88359375 0.1765625 0.2265625
1 0.05 0.9015625 0.1 0.190625
1 0.234375 0.9125 0.19609375 0.16953125
0 0.54921875 0.14375 0.07265625 0.1359375
0 0.6671875 0.1875 0.075 0.15078125
0 0.453125 0.25234375 0.1265625 0.2203125
1 0.86171875 0.25703125 0.065625 0.12109375
1 0.56640625 0.275 0.06875 0.084375