3 0.65625 0.340625 0.39765625 0.3984375
2 0.0640625 0.35234375 0.128125 0.2734375
1 0.9046875 0.35234375 0.1890625 0.20390625
2 0.1265625 0.5234375 0.15703125 0.32734375
2 0.73671875 0.5671875 0.23125 0.22890625
1 0.94453125 0.6015625 0.109375 0.378125
2 0.196875 0.640625 0.17734375 0.34765625
2 0.28828125 0.79921875 0.2109375 0.38359375
1 0.06484375 0.0859375 0.1296875 0.171875
1 0.41171875 0.13203125 0.225 0.26328125
3 0.746875 0.1390625 0.34765625 0.278125
3 0.23984375 0.16640625 0.29609375 0.3328125